90000000000 100000000000 290.0249765990302
148489319246 158489319246 295.89054521359503
241188643151 251188643151 279.0635884841904
388107170553 398107170553 286.39468765910715
620957344480 630957344480 281.53608054481447
990000000000 1000000000000 273.531900675036
1574893192461 1584893192461 276.348350613378
2501886431510 2511886431510 282.51390548143536
3971071705535 3981071705535 279.8979803780094
6299573444802 6309573444802 278.9969825046137
9990000000000 10000000000000 271.9383062021807
15838931924611 15848931924611 273.8891473989934
25108864315096 25118864315096 283.1379797440022
39800717055350 39810717055350 267.1230040853843
63085734448019 63095734448019 284.46122033242136
99990000000000 100000000000000 269.7112641716376
158479319246111 158489319246111 279.32350264582783
251178643150958 251188643150958 267.3676409209147
398097170553497 398107170553497 279.94593049399555
630947344480194 630957344480194 279.87268957775086
999990000000000 1000000000000000 281.9743197634816
1584883192461111 1584893192461111 272.4779495820403
2511876431509582 2511886431509582 277.1646096482873
3981061705534986 3981071705534986 269.751028066501
6309563444801943 6309573444801943 274.6650467617437
9999990000000000 10000000000000000 274.96467349212617
15848921924611108 15848931924611108 282.96849858481437
25118854315095720 25118864315095720 276.69746261276305
39810707055349856 39810717055349856 281.9067579228431
63095724448019432 63095734448019432 286.22170973196626
99999990000000000 100000000000000000 284.2017022361979
158489309246111104 158489319246111104 284.733893327415
251188633150957184 251188643150957184 278.72036178410053
398107160553498560 398107170553498560 285.75169715844095
630957334480194304 630957344480194304 291.3161959480494
999999990000000000 1000000000000000000 295.9471679115668
1584893182461110784 1584893192461110784 306.09341969154775
2511886421509572096 2511886431509572096 314.6920003788546
3981071695534985728 3981071705534985728 326.9598890077323
6309573434801942528 6309573444801942528 339.5451401658356
9999999990000000000 10000000000000000000 357.3983358927071
15848931914611237888 15848931924611237888 379.9010237203911
25118864305095719936 25118864315095719936 418.9016151577234
39810717045349858304 39810717055349858304 440.0936904735863
63095734438019423232 63095734448019423232 489.0216260254383
99999999990000000000 100000000000000000000 525.1717981994152
102201845430 112201845430 290.6830101311207
115892541179 125892541179 291.5949547383934
131253754462 141253754462 293.26597314793617
167827941004 177827941004 278.46637887787074
189526231497 199526231497 298.9758235225454
213872113857 223872113857 289.5095763253048
271838293126 281838293126 288.1509927334264
306227766017 316227766017 287.2599908038974
344813389234 354813389234 287.0304477242753
436683592151 446683592151 292.80179201904684
491187233627 501187233627 276.0258247544989
552341325190 562341325190 276.491330021061
697945784384 707945784384 292.6809995826334
784328234724 794328234724 270.68812964390963
881250938134 891250938134 274.7664746036753
1112018454302 1122018454302 276.6040647113696
1248925411794 1258925411794 290.58200943283737
1402537544623 1412537544623 287.12698773201555
1768279410039 1778279410039 272.0775684993714
1985262314969 1995262314969 281.52520158234984
2228721138568 2238721138568 286.59240244235843
2808382931264 2818382931264 274.139463217929
3152277660168 3162277660168 277.039522039704
3538133892336 3548133892336 285.0067922445014
4456835921510 4466835921510 284.8760690446943
5001872336273 5011872336273 289.07493307162076
5613413251903 5623413251903 281.0186342475936
7069457843841 7079457843841 274.83243358973414
7933282347243 7943282347243 279.0417803581804
8902509381337 8912509381337 275.786326947622
11210184543020 11220184543020 280.09940709732473
12579254117942 12589254117942 289.34593151975423
14115375446228 14125375446228 281.0109740681946
17772794100389 17782794100389 282.95271878223866
19942623149689 19952623149689 280.34827944170684
22377211385683 22387211385683 278.6248610801995
28173829312644 28183829312644 282.87658176664263
31612776601684 31622776601684 280.0213617933914
35471338923358 35481338923358 271.11408038716763
44658359215096 44668359215096 271.251377065666
50108723362727 50118723362727 277.1414910014719
56224132519035 56234132519035 281.16643243283033
70784578438414 70794578438414 280.35776703990996
79422823472428 79432823472428 268.79292905703187
89115093813374 89125093813374 278.77922777365893
112191845430197 112201845430197 269.77097113709897
125882541179417 125892541179417 278.2392685506493
141243754462276 141253754462276 282.5648733759299
177817941003892 177827941003892 285.06618220359087
199516231496888 199526231496888 281.5275688134134
223862113856834 223872113856834 275.524191301316
281828293126445 281838293126445 271.49192479625344
316217766016838 316227766016838 280.607635053806
354803389233576 354813389233576 279.19720436260104
446673592150964 446683592150964 277.64601511508226
501177233627271 501187233627271 283.0594435092062
562331325190349 562341325190349 275.9741795314476
707935784384137 707945784384137 279.11322738509625
794318234724282 794328234724282 267.7215276006609
891240938133744 891250938133744 268.50576353352517
1122008454301965 1122018454301965 282.3911405224353
1258915411794171 1258925411794171 276.78907202742994
1412527544622756 1412537544622756 284.185467004776
1778269410038923 1778279410038923 266.1744397133589
1995252314968883 1995262314968883 279.0763218170032
2238711138568347 2238721138568347 275.12991879321635
2818372931264449 2818382931264449 279.68406529631466
3162267660168380 3162277660168380 279.1586604844779
3548123892335760 3548133892335760 282.2105121631175
4466825921509635 4466835921509635 278.74675358459353
5011862336272715 5011872336272715 281.48352837376297
5623403251903491 5623413251903491 267.5493411421776
7079447843841402 7079457843841402 280.93752514757216
7943272347242821 7943282347242821 281.18732663989067
8912499381337441 8912509381337441 279.81812167633325
11220174543019652 11220184543019652 279.86754235532135
12589244117941714 12589254117941714 277.90456168260425
14125365446227496 14125375446227496 282.65791914705187
17782784100389228 17782794100389228 281.2737846923992
19952613149688828 19952623149688828 281.3906223671511
22387201385683468 22387211385683468 270.46482322830707
28183819312644492 28183829312644492 280.58810370322317
31622766601683792 31622776601683792 279.240560346283
35481328923357604 35481338923357604 281.3815757315606
44668349215096168 44668359215096168 278.0421818755567
50118713362727144 50118723362727144 280.0526743531227
56234122519034904 56234132519034904 274.79729050956666
70794568438414024 70794578438414024 279.22382536623627
79432813472427888 79432823472427888 276.2789961770177
89125083813374400 89125093813374400 276.9570341017097
112201835430196528 112201845430196528 280.88235743623227
125892531179417136 125892541179417136 282.22830841876566
141253744462274960 141253754462274960 276.6428580591455
177827931003892288 177827941003892288 286.23902437929064
199526221496888288 199526231496888288 286.53909499850124
223872103856834688 223872113856834688 287.84105208609253
281838283126444928 281838293126444928 286.9830586127937
316227756016837952 316227766016837952 288.62561940122396
354813379233576064 354813389233576064 291.1908141383901
446683582150961664 446683592150961664 289.4652515137568
501187223627271488 501187233627271488 291.37224890105426
562341315190349056 562341325190349056 291.4036268880591
707945774384140160 707945784384140160 289.6922693233937
794328224724278912 794328234724278912 295.67374020814896
891250928133744000 891250938133744000 293.90010301582515
1122018444301965312 1122018454301965312 287.7834591176361
1258925401794171392 1258925411794171392 302.8118818337098
1412537534622749696 1412537544622749696 303.0496493000537
1778279400038922752 1778279410038922752 307.0178656084463
1995262304968882944 1995262314968882944 305.9656722107902
2238721128568346880 2238721138568346880 311.25430822651833
2818382921264449024 2818382931264449024 312.82489566504955
3162277650168379392 3162277660168379392 317.50454515311867
3548133882335760384 3548133892335760384 322.11615214589983
4466835911509616640 4466835921509616640 331.9452851982787
5011872326272714752 5011872336272714752 323.8767083603889
5623413241903491072 5623413251903491072 335.50277525000274
7079457833841401856 7079457843841401856 343.11045857239515
7943282337242788864 7943282347242788864 352.8489371035248
8912509371337440256 8912509381337440256 350.5840527154505
11220184533019653120 11220184543019653120 363.829841199331
12589254107941712896 12589254117941712896 373.18749038502574
14125375436227496960 14125375446227496960 377.7705662250519
17782794090389228544 17782794100389228544 388.8361943801865
19952623139688827904 19952623149688827904 389.4860586943105
22387211375683468288 22387211385683468288 405.0911900475621
28183829302644722688 28183829312644722688 424.9998861690983
31622776591683791872 31622776601683791872 415.7083928193897
35481338913357601792 35481338923357601792 422.0509025081992
44668359205096168448 44668359215096168448 448.97166311368346
50118723352727559168 50118723362727559168 465.17408280353993
56234132509034904576 56234132519034904576 486.097811861895
70794578428414024704 70794578438414024704 490.7937901550904
79432823462427892736 79432823472427892736 516.2603824948892
89125093803375139840 89125093813375139840 522.3798772804439
