1000000 19518519 4.1010168036445975
1032795 19551314 4.069292596541345
1066665 19585184 4.1395266223698854
1101646 19620165 4.077062351629138
1137774 19656293 4.085498698055744
1175087 19693606 4.034988723695278
1213624 19732143 4.084764548577368
1253424 19771943 4.059767208993435
1294530 19813049 4.158338954672217
1336984 19855503 4.075772659853101
1380830 19899349 4.006095487624407
1426114 19944633 4.081444485113025
1472883 19991402 4.025761943310499
1521186 20039705 4.058624737896025
1571072 20089591 4.032238648273051
1622595 20141114 4.284798277541995
1675808 20194327 4.057947256602347
1730766 20249285 4.042142663151026
1787526 20306045 4.0491721369326115
1846147 20364666 4.068354801274836
1906691 20425210 4.027857433073223
1969220 20487739 4.0438314490020275
2033800 20552319 4.036789399571717
2100498 20619017 4.0334687773138285
2169384 20687903 4.074554537422955
2240528 20759047 4.02274308539927
2314005 20832524 4.085696992464364
2389893 20908412 4.119125724770129
2468268 20986787 4.027115295641124
2549215 21067734 4.263933269307017
2632815 21151334 4.096268830820918
2719158 21237677 4.088763486593962
2808332 21326851 4.0530101880431175
2900430 21418949 4.0832022074609995
2995549 21514068 4.0407447926700115
3093788 21612307 4.1633150009438396
3195248 21713767 4.035264483653009
3300035 21818554 4.019142720848322
3408259 21926778 4.035351812839508
3520031 22038550 4.129606164060533
3635470 22153989 4.033696544356644
3754694 22273213 4.112060433253646
3877828 22396347 4.043825337663293
4005001 22523520 4.030809131450951
4136344 22654863 4.037151895463467
4271994 22790513 3.9986829878762364
4412093 22930612 4.053766338154674
4556786 23075305 4.1304746344685555
4706225 23224744 4.075719116255641
4860564 23379083 4.06644287891686
5019965 23538484 4.069161582738161
5184594 23703113 4.079811957664788
5354621 23873140 4.138332021422684
5530224 24048743 4.0728292018175125
5711586 24230105 4.090769903734326
5898896 24417415 4.0327639719471335
6092349 24610868 4.043163383379579
6292146 24810665 4.078490924090147
6498495 25017014 4.108520013280213
6711612 25230131 4.068446123041213
6931717 25450236 4.034774101339281
7159041 25677560 4.050062716938555
7393820 25912339 4.052586414851248
7636298 26154817 4.036498127505183
7886729 26405248 4.028933024033904
8145372 26663891 4.051655023358762
8412497 26931016 4.036429389379919
8688383 27206902 4.014610488899052
8973316 27491835 4.1112678637728095
9267593 27786112 4.5048681776970625
9571522 28090041 4.122644055634737
9885417 28403936 4.055447673425078
10209607 28728126 4.000399353913963
10544428 29062947 4.021748878993094
10890230 29408749 4.072326546534896
11247372 29765891 4.065065815113485
11616226 30134745 4.019681042060256
11997177 30515696 4.090705106034875
12390622 30909141 4.067424247041345
12796969 31315488 4.082768947817385
13216642 31735161 4.084884623065591
13650078 32168597 4.121872711926699
14097729 32616248 4.06915691588074
14560060 33078579 4.0841797441244125
15037553 33556072 4.260413808748126
15530706 34049225 4.030861221253872
16040031 34558550 4.09707947075367
16566060 35084579 4.3337959963828325
17109339 35627858 4.058466310612857
17670435 36188954 4.12489094492048
18249932 36768451 4.0136460037902
18848434 37366953 4.024648646824062
19466563 37985082 4.057724584825337
20104964 38623483 4.121970989741385
20764301 39282820 4.040144911035895
21445261 39963780 4.039669987745583
22148552 40667071 4.102090114727616
22874908 41393427 4.081515599042177
23625085 42143604 4.0449994234368205
24399863 42918382 4.0095358323305845
25200050 43718569 4.070977088063955
26026479 44544998 4.0507909851148725
26880010 45398529 4.070112708956003
27761533 46280052 4.1066108560189605
28671965 47190484 4.019875669851899
29612254 48130773 4.182883830741048
30583380 49101899 4.078359852544963
31586354 50104873 4.1005820436403155
32622220 51140739 4.061021934263408
33692057 52210576 4.082832710817456
34796979 53315498 4.048636071383953
35938137 54456656 4.044838550500572
37116718 55635237 4.093976875767112
38333951 56852470 4.0861050160601735
39591103 58109622 4.070496058091521
40889482 59408001 4.062513155862689
42230442 60748961 4.144327377900481
43615378 62133897 4.110062178224325
45045733 63564252 4.076702648773789
46522995 65041514 4.081304227933288
48048704 66567223 4.030324057675898
49624449 68142968 4.0560419745743275
51251869 69770388 4.020277142524719
52932661 71451180 4.096955090761185
54668573 73187092 4.0302129266783595
56461414 74979933 4.122333317063749
58313051 76831570 4.082006425596774
60225412 78743931 4.125047909095883
62200488 80719007 4.103906286880374
64240337 82758856 4.098668538965285
66347081 84865600 4.096001612022519
68522916 87041435 4.152832102030516
70770107 89288626 4.223242279142141
73090993 91609512 4.0183612601831555
75487993 94006512 4.138026642613113
77963601 96482120 4.026406187564135
80520397 99038916 4.087059396319091
83161042 101679561 4.056182994507253
85888286 104406805 4.086798144504428
88704969 107223488 4.042745303362608
91614025 110132544 4.275850689969957
94618482 113137001 4.033192256465554
97721470 116239989 4.037179480306804
100926219 119444738 4.042705078609288
104236067 122754586 4.033100876957178
107654461 126173317 4.146602738648653
111184960 129704264 4.008216652087867
114831241 133351008 4.076868373900652
118597101 137117347 4.080465689301491
122486461 141007201 4.052607614547014
126503372 145024622 4.064416961744428
130652016 149173793 4.029653845354915
134936714 153459036 4.039923928678036
139361927 157884811 4.0486668683588505
143932264 162455729 4.079995200969279
148652484 167176549 4.163767559453845
153527503 172052187 4.030240437015891
158562396 177087720 4.090121177025139
163762407 182288392 4.045136637054384
169132952 187659620 4.0127778155729175
174679622 193206995 4.047775881364942
180408193 198936294 4.039794308133423
186324631 204853485 4.057465394958854
192435098 210964729 4.069896752014756
198745955 217276388 4.09222293458879
205263775 223795037 4.084663993678987
211995346 230527464 4.06581152882427
218947676 237480679 4.021576910279691
226128007 244661923 4.055263057351112
233543814 252078674 4.11918106302619
241202821 259738655 4.083525781519711
249113003 267649844 4.04255561158061
257282597 275820478 4.118488360196352
265720111 284259066 4.16746873408556
274434330 292974394 4.104325294494629
283434331 301975541 4.083880575373769
292729484 311271877 4.170167631469667
302329468 320873084 4.063259772025049
312244282 330789161 4.0869641955941916
322484250 341030433 4.056043390184641
333060034 351607565 4.027696760371327
343982649 362531571 4.077858564443886
355263468 373813828 4.075894881039858
366914238 385466083 4.034768594428897
378947092 397500471 4.101989410817623
391374560 409929523 4.063312537036836
404209584 422766184 4.060994802042842
417465529 436023820 4.047961103729904
431156199 449716237 4.0459490437060595
445295851 463857693 4.102010091766715
459899209 478462914 4.0715108355507255
474981480 493547111 4.106613276526332
490558371 509125990 4.107487392611802
506646101 525215775 4.084749699570239
523261424 541833220 4.139754127711058
540421642 558995630 4.0857808366417885
558144625 576720878 4.160346160642803
576448828 595027421 4.074332605116069
595353313 613934323 4.060930074192584
614877765 633461272 4.06039715744555
635042517 653628604 4.093425893224776
655868566 674457317 4.127676040865481
677377600 695969105 4.079876190051436
699592017 718186366 4.094411826692522
722534949 741132236 4.092298489995301
746230289 764830612 4.1129135731607676
770702711 789306170 4.107197666540742
795977700 814584400 4.080991224385798
822081576 840691623 4.215960465371609
849041520 867655026 4.08841091953218
876885609 895502689 4.08412254601717
905642838 924263610 4.118309322744608
935343152 953967739 4.143075789324939
966017480 984646009 4.084519367665052
997697764 1016330365 4.083050401881337
1030416995 1049043674 4.114581472240388
1064209244 1082826809 4.2641926892101765
1099109701 1117717862 4.310834840871394
1135154709 1153753167 4.2708871476352215
1172381803 1190970251 4.310921896249056
1210829750 1229407871 4.311562244780362
1250538587 1269106054 4.309527142904699
1291549665 1310106142 4.253757611848414
1333905690 1352450830 4.552647774107754
1377650770 1396184216 4.290932904928923
1422830457 1441351841 4.303084924817085
1469491801 1488000744 4.2965869177132845
1517683390 1536179501 4.292792969383299
1567455410 1585938287 4.2932119211182
1618859690 1637328919 4.291512357071042
1671949760 1690404914 4.263353909365833
1726780904 1745221544 4.246513914316893
1783410221 1801835896 4.279160363599658
1841896681 1860306925 4.274989744648337
1902301189 1920695523 4.333333196118474
1964686646 1983064577 4.280996307730675
2029118018 2047479039 4.24623859487474
2095662399 2114005988 4.2717473125085235
2164389086 2182714706 4.285527446307242
2235369646 2253676744 4.258974431082606
2308677994 2326966003 4.260473556816578
2384390470 2402658805 4.242036119103432
2462585916 2480833976 4.280650503002107
2543345761 2561572929 4.29255136474967
2626754104 2644959745 4.2681685434654355
2712897800 2731081261 4.224510844796896
2801866556 2820027166 4.351454584859312
2893753019 2911890089 4.24313750769943
2988652874 3006765696 4.274370384402573
3086664943 3104752790 4.305352206341922
3187891293 3205953418 4.304980725981295
3292437333 3310472969 4.72850058041513
3400411933 3418420293 4.413892213255167
3511927530 3529907806 4.31331317871809
3627100252 3645051615 4.342442505061626
3746050033 3763971631 4.260616384446621
3868900739 3886791701 4.370220541022718
3995780302 4013639732 4.401584355160594
4126820846 4144647826 4.289695928804576
4262158829 4279952419 4.27088631503284
4401935185 4419694421 4.275159928016365
4546295470 4564019365 4.268915941938758
4695390011 4713077552 4.3124247174710035
4849374067 4867024219 4.336796848103404
5008407990 5026019692 4.376184606924653
5172657387 5190229554 4.266593380831182
5342293300 5359824821 4.328512594103813
5517492376 5534982115 4.23422827385366
5698437059 5715883854 4.327363125048578
5885315775 5902718439 4.204909001477063
6078323128 6095680447 4.345177615061402
6277660106 6294970840 4.333664278499782
6483534286 6500797170 4.247473551891744
6696160055 6713373796 4.3278335789218545
6915758829 6932922108 4.221580559387803
7142559286 7159670759 4.178319877944887
7376797603 7393855897 4.260448254644871
7618717702 7635721419 4.133026732131839
7868571507 7885519223 4.113674839027226
8126619200 8143509465 4.154293810017407
8393129498 8409960834 4.165977107360959
8668379930 8685150835 4.080140362493694
8952657126 8969366072 4.112148507498205
9246257116 9262902550 4.062853231094778
9549485640 9566065984 4.069590661674738
9862658461 9879172113 4.032598451711237
10186101702 10202586130 4.113416235893965
10520152176 10536638285 4.084998523816466
10865157747 10881645593 4.127264719456434
11221477682 11237967322 4.103486769832671
11589483034 11605974527 4.173933824524283
11969557024 11986050431 4.066697247326374
12362095437 12378590822 3.993376928381622
12767507043 12784004471 4.050974580459297
13186214014 13202713553 4.0842911237850785
13618652368 13635154087 4.001467629335821
14065272421 14081776392 3.9778347024694085
14526539259 14543045557 4.108895692974329
15002933220 15019441923 4.0867130579426885
15494950393 15511461579 4.097418703138828
16003103137 16019616889 4.010761287994683
16527920615 16544437018 4.012071918696165
17069949340 17086468481 4.036966615356505
17629753753 17646275724 3.992455459199846
18207916801 18224441695 4.165983148850501
18805040551 18821568465 4.130185161717236
19421746815 19438277849 4.0783982165157795
20058677795 20075212053 4.084172710776329
20716496756 20733034345 4.044285885058343
21395888713 21412429744 4.010367243550718
22097561148 22114105735 3.9857539795339108
22822244742 22838793003 4.006061266176403
23570694140 23587246197 3.9904972333461046
24343688735 24360244715 3.9682872788980603
25142033481 25158593515 4.030464102514088
25966559729 25983123951 4.006699479185045
26818126095 26834694645 3.9827032797038555
27697619350 27714192372 4.071045394986868
28605955352 28622532995 3.9595998618751764
29544079989 29560662408 3.964185267686844
30512970172 30529557526 3.9837054572999477
31513634849 31530227304 4.05713549349457
32547116055 32563713780 3.9799585919827223
33614490001 33631093173 4.053069578483701
34716868189 34733476991 4.0042587742209435
35855398575 35872013195 3.9990389458835125
37031266759 37047887392 3.9910126458853483
38245697225 38262324073 4.044198109768331
39499954612 39516587884 3.9539653845131397
40795345035 40811984946 3.987340096384287
42133217438 42149864212 3.9888861812651157
43514965009 43531618877 3.959798773750663
44942026621 44958687821 4.040804157033563
46415888336 46432557117 4.000985188409686
47938084951 47954761567 4.40918346028775
49510201596 49526886313 4.135806821286678
51133875384 51150568476 4.030747855082154
52810797119 52827498869 4.059208506718278
54542713053 54559423754 3.98134708032012
56331426706 56348146662 4.026861660182476
58178800743 58195530268 4.018088701181114
60086758917 60103498337 3.9911501752212644
62057288068 62074037719 4.049682376906276
64092440194 64109200425 4.014760733582079
66194334588 66211105760 3.981829429976642
68365160045 68381942532 3.997016911394894
70607177141 70623971330 4.015166498720646
72922720587 72939526879 4.008309461176395
75314201660 75331020470 4.062902232632041
77784110713 77800942472 4.061477403156459
80335019771 80351864924 4.035054162144661
82969585208 82986444216 4.0713669173419476
85690550513 85707423855 4.10900107678026
88500749145 88517637316 4.02322553191334
91403107488 91420011003 4.125204029493034
94400647894 94417567284 4.049854377284646
97496491835 97513427653 4.044191320426762
100693863148 100710812007 4.064249591901898
103996091395 104013038849 4.060806746594608
107406615333 107423561336 4.04319419991225
110928986490 110945930995 4.106560581363738
114566872863 114583815820 4.043564807623625
118324062746 118341004106 4.035160112194717
122204468663 122221408373 4.081265249289572
126212131452 126229069458 4.021350048482418
130351224468 130368160715 4.041930424049497
134626057930 134642992361 4.026624578051269
139041083409 139058015964 4.024320298805833
143600898465 143617829084 4.035127341747284
148310251434 148327180053 4.018038908019662
153174046370 153190972924 4.117065145634115
158197348158 158214272581 4.0813178438693285
163385387781 163402310002 4.034728531725705
168743567773 168760487721 4.035020727664232
174277467841 174294385443 4.114758936688304
179992850678 180009765857 4.055678643286228
185895667964 185912580641 4.079884987324476
191992066559 192008976653 4.0513630183413625
198288394913 198305302340 4.061481879092753
204791209667 204808114341 4.125719035975635
211507282487 211524184318 4.088199689984322
218443607115 218460506011 4.019234391860664
225607406650 225624302515 4.0192383751273155
233006141070 233023033807 4.0576272662729025
240647515002 240664404509 4.0268803695216775
248539485743 248556371916 4.045421660877764
256690271549 256707154279 4.033749923110008
265108360191 265125239367 4.029181707650423
273802517793 273819393300 3.990493742749095
282781797963 282798669683 3.9969990560784936
292055551218 292072419028 3.993135567754507
301633434726 301650298500 4.0668069096282125
311525422356 311542281963 4.080461014993489
321741815068 321758670374 3.9949502358213067
332293251640 332310102506 4.06800935883075
343190719746 343207566029 3.999420781619847
354445567397 354462408949 3.98101750202477
366069514760 366086351429 4.034085726365447
378074666360 378091497989 3.987811070866883
390473523689 390490350116 4.048880863934755
403278998219 403295819276 4.064308569766581
416504424855 416521240370 4.022678944282234
430163575811 430180385606 4.069531560875475
444270674961 444287478853 4.049420072697103
458840412645 458857210444 4.068524337373674
473887960972 473904752483 4.109726111404598
489428989611 489445774633 4.051128822378814
505479682119 505496460445 4.029888571240008
522056752785 522073524200 4.047620239667594
539177464039 539194228322 4.053652234375477
556859644429 556876401354 4.010487286373973
575121707184 575138456515 3.9992914739996195
593982669392 593999410888 4.109504750929773
613462171799 613478905210 4.0114753087982535
633580499266 633597224336 3.970238924957812
654358601888 654375318352 4.104167319834232
675818116816 675834824401 3.970296629704535
697981390783 697998089207 3.9534859592095017
720871503378 720888192352 4.009507559239864
744512291080 744528970305 4.002455280162394
768928372076 768945041244 3.9700543079525232
794145171903 794161830697 3.961066578514874
820188949920 820205598013 4.039645197801292
847086826656 847103463712 3.9878145791590214
874866812048 874883437720 4.028200190514326
903557834614 903574448546 3.978528789244592
933189771573 933206373396 3.9629288567230105
963793479962 963810069298 3.9333760095760226
995400828762 995417405222 4.0108659621328115
1028044732093 1028061306964 4.0850072754547
1061759183483 1061775758697 3.9876154204830527
1096579291268 1096595866836 3.9326799996197224
1132541315153 1132557891087 4.088367393240333
1169682703970 1169699280282 3.970133665949106
1208042134677 1208058711380 3.9569539800286293
1247659552631 1247676129737 3.969999155960977
1288576213186 1288592790708 3.955404927022755
1330834724654 1330851302606 4.018267929553986
1374479092678 1374495671075 3.921805218793452
1419554766050 1419571344906 3.9409660631790757
1466108684047 1466125263376 3.9623863138258457
1514189325304 1514205905123 4.002251259051263
1563846758302 1563863338627 3.953409157693386
1615132693503 1615149274350 3.9906111834570765
1668100537200 1668117118586 3.942595745436847
1722805447131 1722822029074 3.9617422381415963
1779304389919 1779320972438 3.9872824689373374
1837656200388 1837672783501 4.023634227924049
1897921642839 1897938226566 4.011881770566106
1960163474319 1960180058680 4.018497725948691
2024446509977 2024463094993 4.0132690304890275
2090837690556 2090854276248 3.971843252889812
2159406152104 2159422738495 4.00154831726104
2230223297966 2230239885078 3.9748512115329504
2303362873142 2303379461000 3.9743936946615577
2378901041079 2378917629706 3.960022771731019
2456916462983 2456933052406 3.998614052310586
2537490379734 2537506969978 4.092716317623854
2620706696484 2620723287576 3.978354507125914
2706652070033 2706668662001 3.972546562552452
2795415999068 2795432591942 3.9966371627524495
2887090917359 2887107511167 4.009638021700084
2981772290020 2981788884794 4.12602801527828
3079558712914 3079575308686 3.984639019705355
3180552015333 3180568612135 3.9671810986474156
3284857366030 3284873963896 3.968828129582107
3392583382741 3392599981706 3.996179010719061
3503842245291 3503858845392 4.015539661981165
3618749812411 3618766413684 4.083405626937747
3737425742391 3737442344876 3.9925073022022843
3859993617680 3860010221416 4.067397682927549
3986581073580 3986597678609 4.013845591805875
4117319931162 4117336537526 4.010063232854009
4252346334529 4252362942272 3.990592036396265
4391800892596 4391817501764 4.032410622574389
4535828825510 4535845436150 3.9933697786182165
4684580115873 4684596728033 4.008646294474602
4838209664926 4838226278656 4.011269002221525
4996877453855 4996894069208 3.9778984989970922
5160748710386 5160765327414 3.96034633833915
5329994080844 5330010699603 4.030784391798079
5504789807855 5504806428403 3.9945661276578903
5685317913874 5685334536269 4.060207093134522
5871766390733 5871783015036 3.9797719661146402
6064329395408 6064346021682 3.9846235904842615
6263207452199 6263224080510 3.980894851498306
6468607661546 6468624291960 3.977944047190249
6680743915696 6680760548284 4.01350618340075
6899837121430 6899853756263 4.051967827603221
7126115430112 7126132067264 4.088985521346331
7359814475266 7359831114814 4.050436126999557
7601177617955 7601194259979 3.992796940729022
7850456200205 7850472844786 3.9943238282576203
8107909806732 8107926453955 4.091624642722309
8373806535266 8373823185219 4.216437691822648
8648423275732 8648439928505 4.02438061311841
8932045998581 8932062654268 3.9793601743876934
9224970052592 9224986711289 3.9760777661576867
9527500472427 9527517134234 4.106097313575447
9839952296278 9839968961298 3.9823805214837193
10162650893930 10162667560931 4.060028905980289
10495932305582 10495948973269 4.007162281312048
10840143591783 10840160260179 4.071470839902759
11195643194839 11195659863966 3.9763874132186174
11562801312074 11562817981957 3.9568297900259495
11942000281335 11942016951998 4.180635081604123
12333634979138 12333651650608 3.9993808548897505
12738113231865 12738129904168 4.120093493722379
13155856240457 13155872913620 3.9984955294057727
13587299019027 13587315693078 4.028033664450049
14032890847859 14032907522828 4.033777888864279
14493095741262 14493112417179 4.061410581693053
14968392930773 14968409607669 4.029390123672783
15459277364195 15459294042102 4.00781855173409
15966260221014 15966276899966 4.210352052003145
16489869444711 16489886124742 4.041237231343985
17030650292528 17030666973674 4.107091990299523
17589165903277 17589182585574 4.022468511015177
18165997883753 18166014567239 4.043403659015894
18761746914391 18761763599105 4.143716466613114
19377033374780 19377050060763 4.044820579700172
20012497989690 20012514676984 4.00103067047894
20668802496291 20668819184939 3.9967239927500486
21346630333242 21346647023288 4.0007262118160725
22046687352394 22046704043885 3.9752316027879715
22769702553817 22769719246800 4.149286471307278
23516428844943 23516445539468 4.050081100314856
24287643824605 24287660520722 3.999906674027443
25084150592775 25084167290537 4.0149646289646626
25906778586880 25906795286341 4.0664252722635865
26756384445521 26756401146737 4.0031641107052565
27633852900532 27633869603561 3.983125071041286
28540097698292 28540114403195 4.056727894581854
29476062551249 29476079258086 4.027498130686581
30442722120643 30442738829479 4.039248707704246
31441083031473 31441099742374 4.028189009986818
32472184920731 32472201633765 4.056630240753293
33537101520029 33537118235267 4.034353597089648
34636941773717 34636958491232 3.9891826268285513
35772850993679 35772867713545 3.9802308473736048
36946012051993 36946028774289 4.0225033313035965
38157646612712 38157663337518 4.044809746555984
39409016404034 39409033131434 4.020919920876622
40701424532194 40701441262273 4.0703912284225225
42036216838447 42036233571294 4.0829250030219555
43414783300551 43414800036257 4.020985869690776
44838559480212 44838576218873 4.083222377113998
46309028017997 46309044759710 3.991789692081511
47827720177275 47827736922142 4.009429353289306
49396217438783 49396234186908 4.129422069527209
51016153147498 51016169898990 4.123453136533499
52689214213507 52689230968477 4.033189754001796
54417142868659 54417159627223 4.026246048510075
56201738480832 56201755243109 4.324672790244222
58044859427690 58044876193804 4.135446338914335
59948425031894 59948441801973 4.096117158420384
61914417559778 61914434333953 4.1251166965812445
63944884285569 63944901063978 4.006912990473211
66041939623303 66041956406086 4.0199559815227985
68207767328657 68207784115960 4.0690165078267455
70444622772991 70444639564964 4.0621857130900025
72754835291962 72754852088762 4.052930309437215
75140810611170 75140827412958 4.075540363788605
77605033351336 77605050158278 4.075768331065774
80150069615654 80150086427923 4.087446342222393
82778569661985 82778586479760 4.076255057938397
85493270662684 85493287486148 4.039987011812627
88296999554941 88297016384285 4.198829622007906
91192675984593 91192692820014 4.097608304582536
94183315346480 94183332188183 4.075243529863656
97272031924506 97272048772701 4.072519812732935
100462042134681 100462058988516 4.043334599584341
103756667874518 103756684727660 4.062317590229213
107159339982267 107159356834693 4.116222294978797
110673601809597 110673618661284 4.057441699318588
114303112911448 114303129762372 4.149613863788545
118051652856880 118051669707015 4.09881766140461
121923125164911 121923142014232 4.095149856992066
125921561369415 125921578217895 4.071943778544664
130051125217341 130051142064953 4.079428296536207
134316117004602 134316133851317 4.1123535158112645
138720978054162 138720994899951 4.183064727112651
143270295340983 143270312185816 4.071233279071748
147968806268640 147968823112485 4.088893867097795
152821403602587 152821420445413 4.080261442810297
157833140565212 157833157406985 4.060746429488063
163009236097974 163009252938659 4.082148825749755
168355080296120 168355097135682 4.114935985766351
173876240021625 173876256860028 4.047844151034951
179578464700210 179578481537415 4.074637074023485
185467692308470 185467709144438 4.033041172660887
191550055557352 191550072392043 4.067725593224168
197831888278416 197831905111789 4.064407341182232
204319732019527 204319748851538 4.0908533204346895
211020342856860 211020359687465 4.127126639708877
217940698430296 217940715259449 4.099430122412741
225088005209546 225088022037200 4.204299698583782
232469705998565 232469722824671 4.141692846082151
240093487686065 240093504510572 4.172835420817137
247967289250216 247967306073072 4.040057549253106
256099310025846 256099326846997 4.066639271564782
264498018242771 264498035062162 4.047824390232563
273172159844137 273172176661711 4.076199744828045
282130767593947 282130784409644 4.072731219232082
291383170483279 291383187297038 4.055905216373503
300939003444972 300939020256731 4.074752418324351
310808217386906 310808234196599 4.084663906134665
321001089554317 321001106361876 4.097183582372963
331528234231942 331528251037299 4.164178361184895
342400613797143 342400630600226 4.053721979260445
353629550135505 353629566936240 4.185490126721561
365226736430817 365226753229127 4.112056028097868
377204249341699 377204266137506 4.101868784055114
389574561577550 389574578370772 4.059825021773577
402350554886929 402350571677483 4.0564728965982795
415545533471888 415545550259687 4.110264530405402
429173237842215 429173254627169 4.1193603072315454
443247859124039 443247875906057 4.083490832708776
457784053837662 457784070616648 4.121887260116637
472796959160039 472796975935894 4.152741567231715
488302208687788 488302225460412 4.112651014700532
504315948717135 504315965486422 4.095798461697996
520854855057766 520854871823609 4.094753760844469
537936150398070 537936167160357 4.022665690630674
555577622239888 555577638998504 4.159388979896903
573797641421414 573797658176241 4.069427722133696
592615181247556 592615197998470 4.12961087282747
612049837247669 612049853994545 4.1005387511104345
632121847581245 632121864323952 4.083158559165895
652852114112785 652852130851189 4.0611766604706645
674262224177835 674262240911797 4.064262840896845
696374473062824 696374489792200 4.084605475887656
719211887222118 719211903946761 4.050153247080743
742798248256491 742798264976248 4.119812007062137
767158117677930 767158134392645 4.186517579481006
792316862486626 792316879196136 4.086032866500318
818300681586741 818300698290878 4.119482998736203
845136633068470 845136649767063 4.080218554474413
872852662384837 872852679077707 4.14063457492739
901477631452492 901477648139455 4.0905998749658465
931041348706908 931041365387776 4.056662468239665
961574600143212 961574616817789 4.101876700296998
993109181374978 993109198043063 4.100312585942447
1025677930744421 1025677947407654 4.445974458009005
1059314763518370 1059314780177107 4.051335318014026
1094054707205744 1094054723859841 4.074738174676895
1129933938033224 1129933954682531 4.106363876722753
1166989818617145 1166989835261508 4.035514444112778
1205260936870841 1205260953510100 4.076656766235828
1244787146187906 1244787162821898 4.010029649361968
1285609606943296 1285609623571851 4.036777412518859
1327770829355432 1327770845978376 4.09994210395962
1371314717753943 1371314734371096 4.050047199241817
1416286616299197 1416286632910373 4.028115694411099
1462733356201130 1462733372806137 4.09371979534626
1510703304486656 1510703321085298 4.052885024808347
1560246414366371 1560246430958443 4.049397641792893
1611414277253016 1611414293838308 4.016832830384374
1664260176485902 1664260193064198 4.0673775197938085
1718839142817146 1718839159388223 4.062787504866719
1775208011717636 1775208028281264 4.036642217077315
1833425482562292 1833425499118233 4.038542245514691
1893552179756291 1893552196304300 4.168949672952294
1955650715865947 1955650732405773 4.106330445967615
2019785756819878 2019785773351261 4.0240271128714085
2086024089248505 2086024105771176 4.043848785571754
2154434690031887 2154434706545571 4.2018311666324735
2225088798128365 2225088814632777 4.04614794254303
2298059988758848 2298060005253696 4.086875873617828
2373424250023866 2373424266508847 4.051295077428222
2451260062033340 2451260078508143 4.082372108474374
2531648478631358 2531648495095662 4.252712020650506
2614673211801086 2614673228254561 4.253697413019836
2700420718837770 2700420735280076 4.266621734015644
2788980292380440 2788980308811226 4.27560119330883
2880444153396298 2880444169815204 4.269839352928102
2974907547214444 2974907563621098 4.319587976671755
3072468842708997 3072468859103016 4.2253888146951795
3173229634734973 3173229651115963 4.216642080806196
3277294849923382 3277294866290938 4.268132847733796
3384772855945983 3384772872299688 4.238980648107827
3495775574363279 3495775590702702 4.409614202566445
3610418597173330 3610418613498030 4.20602644328028
3728821307182830 3728821323492352 4.267709740437567
3851107002325569 3851107018619444 4.218018782325089
3977403024058036 3977403040335783 4.259995684027672
4107840889965651 4107840906226774 4.2302908562123775
4242556430717768 4242556446961758 4.200120563618839
4381689931514186 4381689947740518 4.2326822225004435
4525386278170167 4525386294378303 4.188302798196673
4673795107992464 4673795124181850 4.189836893230677
4827070965603188 4827070981773255 4.138968008570373
4985373463873883 4985373480024045 4.179878546856344
5148867450137487 5148867466267143 4.170449688099325
5317723177850966 5317723193959498 4.416855012997985
5492116483887789 5492116499974562 4.129866927862167
5672228971644549 5672228987708911 4.221276163123548
5858248200152548 5858248216193830 4.240513238124549
6050367879391212 6050367895408727 4.137364001944661
6248788072006888 6248788087999929 4.20231350325048
6453715401646702 6453715417614546 4.194518744945526
6665363268124920 6665363284066823 4.120859115384519
6883952069645510 6883952085560710 4.172061779536307
7109709432312424 7109709448200139 4.233733297325671
7342870447166758 7342870463026186 4.1724603325128555
7583677914997191 7583677930827510 4.080709476955235
7832382599179204 7832382614979572 4.2517482955008745
8089243486805955 8089243502575508 4.095993040129542
8354528058382854 8354528074120707 4.079108111560345
8628512566366887 8628512582072134 4.139431377872825
8911482322840202 8911482338511915 4.052757448516786
9203731996618230 9203732012255460 4.059682238847017
9505565920101210 9505565935702985 4.124480694532394
9817298406188820 9817298421754145 4.037022463977337
10139254075588102 10139254091131894 4.051810007542372
10471768194855202 10471768210398399 4.0298586916178465
10815187025522936 10815187041065519 4.0787263214588165
11169868184678248 11169868200220196 4.023132235743105
11536181017364762 11536181032906055 4.0487315291538835
11914506981197796 11914506996738412 4.016928891651332
12305240043592616 12305240059132533 4.213388727046549
12708787092020544 12708787107559739 4.022704156115651
13125568357718454 13125568373256903 4.107827812433243
13556017853293662 13556017868831342 3.9793872395530343
14000583824680904 14000583840217789 4.0562004167586565
14459729217920196 14459729233456260 4.072874224744737
14933932161242594 14933932176777810 4.112494855187833
15423686462966306 15423686478500646 4.064890597946942
15929502125721196 15929502141254632 4.163942683488131
16451905877536674 16451905893069177 4.038066857494414
16991441720346260 16991441735877799 3.987025092355907
17548671496481448 17548671512011991 4.071688097901642
18124175473742396 18124175489271911 4.1934520890936255
18718552949655756 18718552965184209 4.010013161227107
19332422875550352 19332422891077709 4.069124998524785
19966424501097932 19966424516624156 4.078770685009658
20621218039991528 20621218055516583 4.051388722844422
21297485357455232 21297485372979080 4.210621237754822
21995930680300704 21995930695823305 4.031536455266178
22717281330269120 22717281345790434 4.012540148571134
23462288481422624 23462288496942609 4.064280022867024
24231727942375908 24231727957894520 4.021206303499639
25026400964179220 25026400979696414 4.047073568217456
25847135074695584 25847135090211315 4.01976403221488
26694784940343072 26694784955857291 4.068551858887076
27570233256095824 27570233271608482 4.029543908312917
28474391664672596 28474391680183643 4.0244222190231085
29408201705870668 29408201721380051 4.06135621946305
30372635797033052 30372635812540717 4.053400943055749
31368698245668860 31368698261174751 4.054390178062022
32397426295281956 32397426310786015 4.118477237410843
33459891205499612 33459891221001779 4.036728784441948
34557199367621428 34557199383121642 4.054032454267144
35690493456752224 35690493472250421 4.027900547720492
36860953621721392 36860953637217507 4.109280654229224
38069798714022840 38069798729516805 4.0423906007781625
39318287557057864 39318287572549609 4.127251441590488
40607720257003696 40607720272493149 4.150169989094138
41939439556671776 41939439572158863 4.0495798997581005
43314832233764120 43314832249248764 4.0397767294198275
44735330544984632 44735330560466753 4.081363037228584
46202413717512944 46202413732992461 4.011276019737124
47717609489387504 47717609504864332 4.061441942118108
49282495700405032 49282495715879084 4.074830446392298
50898701935196536 50898701950667722 4.003261283040047
52567911220184192 52567911235652419 4.0995027506724
54291861776189648 54291861791654820 4.0389050068333745
56072348828520384 56072348843982402 4.041143462061882
57911226476417464 57911226491876226 4.2356681898236275
59810409623809560 59810409639264961 4.067567175254226
61771875973384880 61771875988836811 4.029575357213616
63797668086062560 63797668101510909 4.015363838523626
65889895507999568 65889895523444220 3.985084468498826
68050736967352480 68050736982793315 4.031198773533106
70282442643083096 70282442658519990 4.0552886333316565
72587336508172464 72587336523605291 4.129444814287126
74967818749669072 74967818765097700 4.050620257854462
77426368268112784 77426368283537078 4.070970212109387
79965545258923296 79965545274343117 4.031171887181699
82587993878442896 82587993893858099 4.07523725181818
85296444997410160 85296445012820597 4.075842797756195
88093719044739552 88093719060145070 4.074456592090428
90982728944555680 90982728959956121 4.004231230355799
93966483149547488 93966483164942689 4.146384418942034
97048088773802464 97048088789192257 3.9913074476644397
100230754828386432 100230754843770906 4.170850927941501
103517795563018048 103517795578400505 4.043758719228208
106912633917347712 106912633932728087 4.143988195806742
110418805085415792 110418805100794017 4.0030646016821265
114039960197003536 114039960212379541 4.0491238525137305
117779870119711808 117779870135085521 4.025489898398519
121642429385736304 121642429401107650 3.97689513489604
125631660247412144 125631660262781047 4.093207532539964
129751716865759488 129751716881125868 3.981323951855302
134006889636394240 134006889651758016 4.114746559411287
138401609657313008 138401609672674095 4.026078671216965
142940453343176688 142940453358534999 4.0224297465756536
147628147190939104 147628147206294549 4.018956101499498
152469572701756992 152469572717109478 4.048797276802361
157469771464308992 157469771479658423 3.9881361769512296
162633950404819072 162633950420165349 4.075581571087241
167967487209264640 167967487224607661 4.034583743661642
173475935923393248 173475935938732908 4.027683951891959
179165032736391040 179165032751727230 4.074489959515631
185040701954229088 185040701969561696 4.050394476391375
191109062168913600 191109062184242510 3.9711257526651025
197376432630026336 197376432645351429 4.033693417906761
203849339825246432 203849339840567585 4.014038272202015
210534524276669952 210534524291987038 3.9894875017926097
217438947560008448 217438947575321335 3.976341570727527
224569799553977184 224569799569285737 4.012902379967272
231934505927441792 231934505942745872 4.093288923613727
239540735872087936 239540735887387399 4.0392857156693935
247396410088682688 247396410103977385 4.009086747653782
255509709035249120 255509709050538898 4.021517631597817
263889081445750752 263889081461035453 4.0320938397198915
272543253128103904 272543253143383365 4.038657694123685
281481236050758112 281481236066032165 3.9616165617480874
290712337727256960 290712337742525432 4.002872693352401
300246170908555520 300246170923818232 3.9811996025964618
310092663593192320 310092663608449087 4.110604869201779
320262069365763712 320262069381014345 4.03281254414469
330764978074424256 330764978089668558 4.038292523473501
341612326858554624 341612326873792394 4.097475442104042
352815411538086144 352815411553317173 4.024487746879458
364385898376354048 364385898391578121 4.053210323676467
376335836228654784 376335836243871680 4.001929028891027
388677669089266752 388677669104476242 3.982276512309909
401424249049930944 401424249065132793 3.9602347258478403
414588849683291968 414588849698485934 4.030878121033311
428185179865240704 428185179880426537 3.9845488788560033
442227398050587904 442227398065765346 3.9842556584626436
456730127016874688 456730127032043474 3.982422737404704
471708469091704128 471708469106863984 4.017897455953062
487178021879460096 487178021894610740 3.946100279688835
503154894503804608 503154894518945750 3.969334694556892
519655724382767872 519655724397899213 3.932878842577338
536697694554047616 536697694569168848 3.9945295955985785
554298551568465216 554298551583576021 3.9696577498689294
572476623970219008 572476623985319060 3.977149615995586
591250841383186944 591250841398275906 4.081698159687221
610640754223201152 610640754238278677 4.118802695535123
630666554056740608 630666554071806339 4.058242363855243
651349094627283584 651349094642337154 4.029775942675769
672709913571235072 672709913586276103 4.006756876595318
694771254846022528 694771254861050631 3.968201184645295
717556091893694976 717556091908709749 4.01029044110328
741088151564156928 741088151579157960 4.0087269973009825
765391938823012480 765391938837999346 3.9834650112316012
790492762269643648 790492762284615912 3.9952446036040783
816416760492145536 816416760507102749 3.9924171660095453
843190929286621568 843190929301563267 4.005013853311539
870843149769072384 870843149783998095 3.9479314778000116
899402217409208960 899402217424118195 3.9858269626274705
928897872016451712 928897872031343968 3.9748201547190547
959360828709312768 959360828724187529 3.954925828613341
990822809900382848 990822809915239583 4.093819472938776
1023316578330244864 1023316578345087783 3.897322122938931
1056875971184800768 1056875971199631374 3.930631403811276
1091535935331393280 1091535935346211192 3.939219151623547
1127332563710484864 1127332563725289687 3.9262164728716016
1164303132920870912 1164303132935662242 4.038720419630408
1202486142037412352 1202486142052189772 3.972375956363976
1241921352701789696 1241921352716552778 4.11258420906961
1282649830528062464 1282649830542810766 3.926309186965227
1324713987866114816 1324713987880847884 4.046926029957831
1368157627967475968 1368157627982193337 3.953339577652514
1413025990599533568 1413025990614234757 3.990879707969725
1459365799155751680 1459365799170436196 3.935453362762928
1507225309310758656 1507225309325425992 3.906277126632631
1556654359271058944 1556654359285708578 3.915520779788494
1607704421673815552 1607704421688446949 3.960521323606372
1660428657187529472 1660428657202142081 4.035601529292762
1714881969870547968 1714881969885141224 3.942819398827851
1771121064345090560 1771121064359663882 4.039432571269572
1829204504846290176 1829204504860842967 3.986117229796946
1889192776207672064 1889192776222203712 3.930681400001049
1951148346846616320 1951148346861126195 3.8888858119025826
2015135733815550208 2015135733830037665 3.8994890972971916
2081221569986341376 2081221570000805752 3.9616192933171988
2149474673437976064 2149474673452416680 3.925216279923916
2219966119119943424 2219966119134359582 3.900310292840004
2292769312865648640 2292769312880039625 3.874915544874966
2367960067833088512 2367960067847453590 4.007924317382276
2445616683452448768 2445616683466787187 3.9379986142739654
2525820026962779648 2525820026977090638 3.9715895019471645
2608653617622556160 2608653617636838931 3.963283102028072
2694203713681882112 2694203713696135856 3.87606948800385
2782559402207114240 2782559402221338128 3.8623418351635337
2873812691851069440 2873812691865262624 3.991392129100859
2968058608665596416 2968058608679758028 3.8676045052707195
3065395295056510976 3065395295070640127 3.8617774369195104
3165924111983520768 3165924111997616550 3.9244566578418016
3269749744511781376 3269749744525842860 3.8462634617462754
3376980310825094656 3376980310839120892 3.8314495235681534
3487727474814170624 3487727474828160640 3.8439884297549725
3602106562357081088 3602106562371033893 3.8853726852685213
3720236681413065728 3720236681426980308 3.813258877955377
3842240846055045120 3842240846068920442 3.815931912511587
3968246104569485824 3968246104583320831 3.7135195154696703
4098383671757253120 4098383671771046736 3.718948663212359
4232789065573527040 4232789065587278166 3.8056365065276623
4371602248248502272 4371602248262209789 3.7042587446048856
4514967772036120576 4514967772049783344 3.7059032386168838
4663034929742736384 4663034929756353240 3.835156688466668
4815957910192340992 4815957910205910753 3.709355052560568
4973895958790077440 4973895958803598903 3.739988211542368
5137013543351339008 5137013543364810949 3.673282327130437
5305480525369552896 5305480525382974069 3.670236475765705
5479472336900292608 5479472336913661749 3.622513155452907
5659170163246230528 5659170163259546352 3.7194346264004707
5844761131633601536 5844761131646862740 3.6925055300816894
6036438506075864064 6036438506089069324 3.6175763169303536
6234401888627889152 6234401888641037128 3.6081740148365498
6438857427240425472 6438857427253514803 3.5992277627810836
6650018030431105024 6650018030444134335 3.6092620408162475
6868103588995321856 6868103589008289753 3.576127647422254
7093341204987990016 7093341205000895090 3.525258479639888
7325965428215199744 7325965428228040570 3.5193560970947146
7566218500481062912 7566218500493838052 3.5004323441535234
7814350607844589568 7814350607857297569 3.548699727281928
8070620141149457408 8070620141162096805 3.4723404832184315
8335293965098186752 8335293965110756068 3.510570633225143
8608647696149279744 8608647696161777492 3.442908571101725
8890965989529166848 8890965989541591532 3.4064608039334416
9182542835656262656 9182542835668612771 3.397583690471947
9483681866285946880 9483681866298220915 4.158173099160194
9794696670695385088 9794696670707581525 4.219838819466531
10115911122238255104 10115911122250387695 4.157681509852409
10447659715608051712 10447659715620146799 4.308397709392011
10790287915161903104 10790287915173959700 4.189488634467125
11144152514667812864 11144152514679829964 4.16370761860162
11509622008850311168 11509622008862287746 4.029800930060446
11887076977119080448 11887076977131015462 4.152548878453672
12276910479883603968 12276910479895496356 4.267329934053123
12679528467864313856 12679528467876162539 4.281826104968786
13095350204826703872 13095350204838507753 4.053368882276118
13524808704178739200 13524808704190497164 4.117978542111814
13968351179887339520 13968351179899050434 4.063597190193832
14426439512181587968 14426439512193250683 3.998210433870554
14899550728528627712 14899550728540241062 4.0497521962970495
15388177500383369216 15388177500394932018 4.018347254022956
15892828656229763072 15892828656241274129 4.113837422803044
16414029711444731904 16414029711456190003 4.0486923130229115
16952323415541213184 16952323415552617097 3.9845801116898656
17508270317357197312 17508270317368545798 3.9840474044904113
18082449348779554816 18082449348790846619 3.981426255777478
18675458427610738688 18675458427621972542 5.27343543805182
19287915080207699968 19287915080218874592 5.356419301591814
19920457084538712064 19920457084549826169 5.440303777344525
20573743134329241600 20573743134340293884 5.3980020601302385
21248453524988698624 21248453524999687779 5.5911092553287745
21945290862033113088 21945290862044037796 5.431889788247645
22664980792737021952 22664980792747880887 5.510516377165914
23408272761782943744 23408272761793735576 5.512568479403853
24175940791691235328 24175940791701958722 5.501497640274465
24968784288843317248 24968784288853970864 5.510438963770866
25787628875937984512 25787628875948567009 5.555998895317316
26633327251749699584 26633327251760209620 5.476080668158829
27506760079080673280 27506760079091109512 5.537030808627605
28408836901833187328 28408836901843548417 5.448495917022228
29340497092157689856 29340497092167974464 5.54687587916851
30302710828663930880 30302710828674137676 5.503962418064475
31296480106707632128 31296480106717759786 5.480186086148024
32322839781813805056 32322839781823852259 5.454888328909874
33382858647317508096 33382858647327473536 5.4472901951521635
34477640547344711680 34477640547354594062 5.453745566308498
35608325526292742144 35608325526302540184 5.4105576211586595
36776091016010158080 36776091016019870510 5.33992353733629
37982153061907365888 37982153061916991458 4.794761808589101
39227767589277392896 39227767589286930372 4.844022918492556
40514231711146221568 40514231711155669739 4.849589557386935
41842885079015759872 41842885079025117547 4.846506854519248
43215111277897793536 43215111277907059550 4.850681840442121
44632339267103973376 44632339267113146589 4.732667926698923
46096044868284194816 46096044868293274115 4.747878514230251
47607752302263779328 47607752302272763632 4.741441749967635
49169035776280215552 49169035776289103809 4.730084544979036
50781521123276496896 50781521123285288089 4.686277344822884
52446887494951190528 52446887494959883674 4.7428579442203045
54166869110331793408 54166869110340387561 4.664457858540118
55943257061693431808 55943257061701926061 4.381388073787093
57777901179704950784 57777901179713344270 4.291532596573234
59672711959733346304 59672711959741638197 4.267051408067346
61629662551329423360 61629662551337612879 4.317105445079505
63650790812955516928 63650790812963603335 4.178277524188161
65738201434095984640 65738201434103967245 4.14739824552089
67894068126960984064 67894068126968862223 4.186692395247519
70120635890071478272 70120635890079251391 4.2559956992045045
72420223346073149440 72420223346080816974 4.110853201709688
74795225156218585088 74795225156226146544 3.8044703835621476
77248114514034163712 77248114514041618649 3.7646583821624517
79781445720766119936 79781445720773467966 3.6757872942835093
82397856845285441536 82397856845292682325 3.665895721875131
85100072471222468608 85100072471229601876 3.612347448244691
87890906534199279616 87890906534206305138 3.655326490290463
90773265252102422528 90773265252109340135 3.62649676669389
93750150151452704768 93750150151459514346 3.381167876534164
96824661193030746112 96824661193037447605 3.4303691405802965
100000000000000000000 100000000000006593407 3.444047600030899
