1000000 1600000 6.827079262584448
1032795 1632795 6.868355787359178
1066665 1666665 6.853838634677231
1101646 1701646 6.845997880212963
1137774 1737774 6.884391885250807
1175087 1775087 6.8344074357301
1213624 1813624 6.796811915002763
1253424 1853424 6.790514854714274
1294530 1894530 6.7938259625807405
1336984 1936984 6.772271504625678
1380830 1980830 6.663605137728155
1426114 2026114 6.611311673186719
1472883 2072883 6.494507855735719
1521186 2121186 6.432687910273671
1571072 2171072 6.455976088531315
1622595 2222595 6.419273484498262
1675808 2275808 6.414514327421784
1730766 2330766 6.4132757326588035
1787526 2387526 6.395614671520889
1846147 2446147 6.370712681673467
1906691 2506691 6.395285084843636
1969220 2569220 6.389143140055239
2033800 2633800 6.414701227098703
2100498 2700498 6.5374424094334245
2169384 2769384 6.608387356624007
2240528 2840528 6.651495268568397
2314005 2914005 6.652920306660235
2389893 2989893 6.710732563398778
2468268 3068268 6.769537836313248
2549215 3149215 6.844631060026586
2632815 3232815 6.899092340841889
2719158 3319158 6.75313832052052
2808332 3408332 6.681863924488425
2900430 3500430 6.571104870177805
2995549 3595549 6.5085549764335155
3093788 3693788 6.3922129748389125
3195248 3795248 6.305315927602351
3300035 3900035 6.229777242057025
3408259 4008259 6.203534710220993
3520031 4120031 6.119681467302144
3635470 4235470 6.084465599618852
3754694 4354694 6.1341133108362556
3877828 4477828 6.213722351938486
4005001 4605001 6.2997480146586895
4136344 4736344 6.340963835828006
4271994 4871994 6.340164397843182
4412093 5012093 6.346224785782397
4556786 5156786 6.209781079553068
4706225 5306225 6.232383276335895
4860564 5460564 6.429967924952507
5019965 5619965 6.566607152111828
5184594 5784594 6.7655354561284184
5354621 5954621 6.756149400025606
5530224 6130224 6.671605079434812
5711586 6311586 6.607388734817505
5898896 6498896 6.491040940396488
6092349 6692349 6.405442669056356
6292146 6892146 6.280052561312914
6498495 7098495 6.224728089757264
6711612 7311612 6.161185374483466
6931717 7531717 6.0753357745707035
7159041 7759041 5.9920680075883865
7393820 7993820 5.943321669474244
7636298 8236298 5.8943772641941905
7886729 8486729 5.888667332939804
8145372 8745372 6.105925333686173
8412497 9012497 6.267825258895755
8688383 9288383 6.201176352798939
8973316 9573316 6.120863328687847
9267593 9867593 6.091904476284981
9571522 10171522 6.007695932872593
9885417 10485417 5.932443122379482
10209607 10809607 6.375940965488553
10544428 11144428 6.707322389818728
10890230 11490230 6.630562397651374
11247372 11847372 6.528717679902911
11616226 12216226 6.452471259050071
11997177 12597177 6.37363981641829
12390622 12990622 6.26161408983171
12796969 13396969 6.1176090613007545
13216642 13816642 6.100678187794983
13650078 14250078 6.004645275883377
14097729 14697729 5.973647924140096
14560060 15160060 5.847643956542015
15037553 15637553 5.801947800442576
15530706 16130706 5.766073832288384
16040031 16640031 5.6921861208975315
16566060 17166060 6.019538118503988
17109339 17709339 6.1695366790518165
17670435 18270435 6.083445018157363
18249932 18849932 6.058903590776026
18848434 19448434 5.940152484923601
19466563 20066563 5.856830924749374
20104964 20704964 5.787129963748157
20764301 21364301 6.251424605958164
21445261 22045261 6.481372993439436
22148552 22748552 6.39329179469496
22874908 23474908 6.309737011790276
23625085 24225085 6.217189957387745
24399863 24999863 6.127479680813849
25200050 25800050 6.010329681448638
26026479 26626479 5.966374552808702
26880010 27480010 5.895433858036995
27761533 28361533 5.882916488684714
28671965 29271965 5.803620643913746
29612254 30212254 5.6599324233829975
30583380 31183380 5.579574789851904
31586354 32186354 5.497440460138023
32622220 33222220 5.474901542067528
33692057 34292057 6.030136430636048
34796979 35396979 5.997155833058059
35938137 36538137 5.9504276951774955
37116718 37716718 5.889450085349381
38333951 38933951 5.786871845833957
39591103 40191103 5.722272001206875
40889482 41489482 5.64100987277925
42230442 42830442 6.360552734695375
43615378 44215378 6.254508561454713
45045733 45645733 6.2000958900898695
46522995 47122995 6.0916589461266994
48048704 48648704 5.985042140819132
49624449 50224449 5.985640035942197
51251869 51851869 5.860972051508725
52932661 53532661 5.824999851174653
54668573 55268573 5.740819702856243
56461414 57061414 5.675471302121878
58313051 58913051 5.590830156579614
60225412 60825412 5.461978098377585
62200488 62800488 5.399087063036859
64240337 64840337 5.3427357859909534
66347081 66947081 5.29718638304621
68522916 69122916 5.908776399679482
70770107 71370107 5.872527974657714
73090993 73690993 5.798400431871414
75487993 76087993 5.703718602657318
77963601 78563601 5.660947124473751
80520397 81120397 5.663681969977915
83161042 83761042 5.521635171957314
85888286 86488286 6.1861312687397
88704969 89304969 6.125952714122832
91614025 92214025 6.023141381330788
94618482 95218482 5.932539374567568
97721470 98321470 5.839829501695931
100926219 101526219 5.778175638988614
104236067 104836067 5.828142453916371
107654461 108254461 5.642944542691112
111184960 111784960 5.5535656828433275
114831241 115431241 5.538226026110351
118597101 119197101 5.337832066230476
122486461 123086461 5.344905683770776
126503372 127103372 5.264465784654021
130652016 131252016 5.2178065571933985
134936714 135536714 5.825380422174931
139361927 139961927 5.813110029324889
143932264 144532264 5.760046918876469
148652484 149252484 5.637630118988454
153527503 154127503 5.6180353770032525
158562396 159162396 5.585688129067421
163762407 164362407 5.44305301643908
169132952 169732952 6.139800799079239
174679622 175279622 6.027549367398024
180408193 181008193 5.932849141769111
186324631 186924631 5.869229963049293
192435098 193035098 5.874007017351687
198745955 199345955 5.7087677186354995
205263775 205863775 5.6318968292325735
211995346 212595346 5.591085604391992
218947676 219547676 5.547437751665711
226128007 226728007 5.441873608157039
233543814 234143814 5.3901701755821705
241202821 241802821 5.222273671999574
249113003 249713003 5.2114869225770235
257282597 257882597 5.153016804717481
265720111 266320111 5.115854749456048
274434330 275034330 5.715639054775238
283434331 284034331 5.692178181372583
292729484 293329484 5.6144625460729
302329468 302929468 5.514079198241234
312244282 312844282 5.493815837427974
322484250 323084250 5.416321117430925
333060034 333660034 5.3486090721562505
343982649 344582649 5.953245434910059
355263468 355863468 5.9010492246598005
366914238 367514238 5.8419041726738214
378947092 379547092 5.714774403721094
391374560 391974560 5.684703832492232
404209584 404809584 5.546911874786019
417465529 418065529 5.508620812557638
431156199 431756199 5.488430886529386
445295851 445895851 5.448491299524903
459899209 460499209 5.3441555155441165
474981480 475581480 5.1936310129240155
490558371 491158371 5.184540851972997
506646101 507246101 5.1174856293946505
523261424 523861424 5.047835874371231
540421642 541021642 5.677157483994961
558144625 558744625 5.610125578008592
576448828 577048828 5.641729705967009
595353313 595953313 5.557850160636008
614877765 615477765 5.531448085792363
635042517 635642517 5.416750531643629
655868566 656468566 5.338597324676812
677377600 677977600 5.879111867398024
699592017 700192017 5.853277039714158
722534949 723134949 5.7836063131690025
746230289 746830289 5.6796835251152515
770702711 771302711 5.660983316600323
795977700 796577700 5.548150856047869
822081576 822681576 5.504204680211842
849041520 849641520 5.458541769534349
876885609 877485609 5.426129865460098
905642838 906242838 5.345588030293584
935343152 935943152 5.321648107841611
966017480 966617480 5.159733282402158
997697764 998297764 5.171938340179622
1030416995 1031016995 5.063004000112414
1064209244 1064809244 5.038263921625912
1099109701 1099709701 5.565711178816855
1135154709 1135754709 5.539376384578645
1172381803 1172981803 5.530459059402347
1210829750 1211429750 5.446859836578369
1250538587 1251138587 5.386119809001684
1291549665 1292149665 5.350919715128839
1333905690 1334505690 5.3156376192346215
1377650770 1378250770 5.765931866131723
1422830457 1423430457 5.78172723390162
1469491801 1470091801 5.753197192214429
1517683390 1518283390 5.580223210155964
1567455410 1568055410 5.536843535490334
1618859690 1619459690 5.430432404391468
1671949760 1672549760 5.452837259508669
1726780904 1727380904 5.37949819304049
1783410221 1784010221 5.325168361887336
1841896681 1842496681 5.266146677546203
1902301189 1902901189 5.176118918694556
1964686646 1965286646 5.063129963353276
2029118018 2029718018 5.093657874502242
2095662399 2096262399 4.9648848958313465
2164389086 2164989086 5.5234369756653905
2235369646 2235969646 5.521416324190795
2308677994 2309277994 5.499011009000242
2384390470 2384990470 5.385754415765405
2462585916 2463185916 5.37718506436795
2543345761 2543945761 5.281279862858355
2626754104 2627354104 5.240415881387889
2712897800 2713497800 5.7880834667012095
2801866556 2802466556 5.6440326096490026
2893753019 2894353019 5.6523196110501885
2988652874 2989252874 5.5590086448937654
3086664943 3087264943 5.522658987902105
3187891293 3188491293 5.45120273437351
3292437333 3293037333 5.460349539294839
3400411933 3401011933 5.377478925511241
3511927530 3512527530 5.309357124380767
3627100252 3627700252 5.240207239985466
3746050033 3746650033 5.190574020147324
3868900739 3869500739 5.067477526143193
3995780302 3996380302 4.99584761634469
4126820846 4127420846 4.980183010920882
4262158829 4262758829 4.939861513674259
4401935185 4402535185 5.484689795412123
4546295470 4546895470 5.429317637346685
4695390011 4695990011 5.441344297491014
4849374067 4849974067 5.309249818325043
5008407990 5009007990 5.257412086240947
5172657387 5173257387 5.24581793602556
5342293300 5342893300 5.222048417665064
5517492376 5518092376 5.677476924844086
5698437059 5699037059 5.637252550572157
5885315775 5885915775 5.56545861903578
6078323128 6078923128 5.5039441306144
6277660106 6278260106 5.442899896763265
6483534286 6484134286 5.418716114014387
6696160055 6696760055 5.361318437382579
6915758829 6916358829 5.230532142333686
7142559286 7143159286 5.22008066996932
7376797603 7377397603 5.254302266053855
7618717702 7619317702 5.0419681537896395
7868571507 7869171507 4.993912973441184
8126619200 8127219200 4.97221848834306
8393129498 8393729498 4.892374215647578
8668379930 8668979930 5.503872226923704
8952657126 8953257126 5.454414608888328
9246257116 9246857116 5.365220769308507
9549485640 9550085640 5.341098457574844
9862658461 9863258461 5.280653720721602
10186101702 10186701702 5.251399578526616
10520152176 10520752176 5.120902492664754
10865157747 10865757747 5.677142989821732
11221477682 11222077682 5.550195987336338
11589483034 11590083034 5.543753016740084
11969557024 11970157024 5.493421730585396
12362095437 12362695437 5.39083616156131
12767507043 12768107043 5.307431889697909
13186214014 13186814014 5.299018478021026
13618652368 13619252368 5.267488050274551
14065272421 14065872421 5.188294599764049
14526539259 14527139259 5.128643138334155
15002933220 15003533220 5.083536932244897
15494950393 15495550393 4.980794161558151
16003103137 16003703137 4.916587995365262
16527920615 16528520615 4.93818898126483
17069949340 17070549340 4.866310794837773
17629753753 17630353753 5.416231046430767
18207916801 18208516801 5.363044490106404
18805040551 18805640551 5.225094026885927
19421746815 19422346815 5.229943466372788
20058677795 20059277795 5.1811026921495795
20716496756 20717096756 5.1670229490846395
21395888713 21396488713 5.121880756691098
22097561148 22098161148 5.578035857528448
22822244742 22822844742 5.489339862950146
23570694140 23571294140 5.466072617098689
24343688735 24344288735 5.339945575222373
25142033481 25142633481 5.274179110303521
25966559729 25967159729 5.2525140242651105
26818126095 26818726095 5.2838552966713905
27697619350 27698219350 5.191314574331045
28605955352 28606555352 5.171395852230489
29544079989 29544679989 5.075714156031609
30512970172 30513570172 4.965870128944516
31513634849 31514234849 4.92771043907851
32547116055 32547716055 4.924846930429339
33614490001 33615090001 4.84811578784138
34716868189 34717468189 5.339296533726156
35855398575 35855998575 5.339619395323098
37031266759 37031866759 5.297331430949271
38245697225 38246297225 5.190927930176258
39499954612 39500554612 5.12480859272182
40795345035 40795945035 5.166921294294298
42133217438 42133817438 5.149489210918546
43514965009 43515565009 5.521132331341505
44942026621 44942626621 5.452011467888951
46415888336 46416488336 5.413907490670681
47938084951 47938684951 5.355802095495164
49510201596 49510801596 5.221422552131116
51133875384 51134475384 5.288182987831533
52810797119 52811397119 5.197722544893622
54542713053 54543313053 5.11253541521728
56331426706 56332026706 5.148957343772054
58178800743 58179400743 5.0253299893811345
60086758917 60087358917 5.055606193840504
62057288068 62057888068 4.917540065012872
64092440194 64093040194 4.862609545700252
66194334588 66194934588 4.807244191877544
68365160045 68365760045 4.819427990354598
70607177141 70607777141 5.210168675519526
72922720587 72923320587 5.236944435164332
75314201660 75314801660 5.165337910875678
77784110713 77784710713 5.114569190889597
80335019771 80335619771 5.084902134723961
82969585208 82970185208 5.056634947657585
85690550513 85691150513 4.976834200322628
88500749145 88501349145 5.474971213378012
91403107488 91403707488 5.349501984193921
94400647894 94401247894 5.338368417695165
97496491835 97497091835 5.266041303053498
100693863148 100694463148 5.179893102496862
103996091395 103996691395 5.1380854845047
107406615333 107407215333 5.080558972433209
110928986490 110929586490 5.076362058520317
114566872863 114567472863 5.083196579478681
118324062746 118324662746 4.96348256804049
122204468663 122205068663 4.875993922352791
126212131452 126212731452 4.882618322968483
130351224468 130351824468 4.845284149050713
134626057930 134626657930 4.7624979158863425
139041083409 139041683409 5.230468080379069
143600898465 143601498465 5.217762156389654
148310251434 148310851434 5.101470150984824
153174046370 153174646370 5.099439013749361
158197348158 158197948158 5.083504118025303
163385387781 163385987781 4.97550112940371
168743567773 168744167773 5.011572713963687
174277467841 174278067841 5.479157603345811
179992850678 179993450678 5.35580828320235
185895667964 185896267964 5.343930128030479
191992066559 191992666559 5.263404333032668
198288394913 198288994913 5.175855048932135
204791209667 204791809667 5.136992112733424
211507282487 211507882487 5.1596471052616835
218443607115 218444207115 5.054935152642429
225607406650 225608006650 5.011472640559077
233006141070 233006741070 4.913263384252787
240647515002 240648115002 4.827120242640376
248539485743 248540085743 4.800021665170789
256690271549 256690871549 4.808445176109672
265108360191 265108960191 4.771703965030611
273802517793 273803117793 4.730054280720651
282781797963 282782397963 5.203107257373631
292055551218 292056151218 5.178146402351558
301633434726 301634034726 5.086843519471586
311525422356 311526022356 5.007600006647408
321741815068 321742415068 5.011987328529358
332293251640 332293851640 4.9762049512937665
343190719746 343191319746 4.950673554092646
354445567397 354446167397 5.295532993040979
366069514760 366070114760 5.323541795834899
378074666360 378075266360 5.099073645658791
390473523689 390474123689 5.14388904441148
403278998219 403279598219 5.146121514029801
416504424855 416505024855 5.082724057137966
430163575811 430164175811 5.032817824743688
444270674961 444271274961 4.993606448173523
458840412645 458841012645 4.966854211874306
473887960972 473888560972 4.88494298607111
489428989611 489429589611 4.789110223762691
505479682119 505480282119 4.813064645975828
522056752785 522057352785 4.696605351753533
539177464039 539178064039 4.708022679202259
556859644429 556860244429 5.173220245167613
575121707184 575122307184 5.162382110953331
593982669392 593983269392 5.057568381540477
613462171799 613462771799 5.01368133444339
633580499266 633581099266 4.98415176384151
654358601888 654359201888 5.007147544063628
675818116816 675818716816 4.888629097491503
697981390783 697981990783 5.21528478525579
720871503378 720872103378 5.262341209687293
744512291080 744512891080 5.160878195427358
768928372076 768928972076 5.158145284280181
794145171903 794145771903 5.030466677621007
820188949920 820189549920 5.04260073043406
847086826656 847087426656 5.001994856633246
874866812048 874867412048 4.988004826940596
903557834614 903558434614 4.950999861583114
933189771573 933190371573 4.881068566814065
963793479962 963794079962 4.785494045354426
995400828762 995401428762 4.69275542255491
1028044732093 1028045332093 4.679090518504381
1061759183483 1061759783483 4.704503355547786
1096579291268 1096579891268 4.658002369105816
1132541315153 1132541915153 5.087476650252938
1169682703970 1169683303970 5.052439938299358
1208042134677 1208042734677 4.9697928531095386
1247659552631 1247660152631 4.959005662240088
1288576213186 1288576813186 4.873141531832516
1330834724654 1330835324654 4.936912974342704
1374479092678 1374479692678 5.208837606944144
1419554766050 1419555366050 5.178160103037953
1466108684047 1466109284047 5.219385855831206
1514189325304 1514189925304 5.183420384302735
1563846758302 1563847358302 5.050208658911288
1615132693503 1615133293503 5.04180106241256
1668100537200 1668101137200 4.998241933062673
1722805447131 1722806047131 4.95490896422416
1779304389919 1779304989919 4.940296522341669
1837656200388 1837656800388 4.9673252534121275
1897921642839 1897922242839 4.877198476344347
1960163474319 1960164074319 4.7592026283964515
2024446509977 2024447109977 4.735214746557176
2090837690556 2090838290556 4.661568121984601
2159406152104 2159406752104 4.572756515815854
2230223297966 2230223897966 5.071714260615408
2303362873142 2303363473142 5.016954536549747
2378901041079 2378901641079 4.969338058494031
2456916462983 2456917062983 4.9646813701838255
2537490379734 2537490979734 4.870347009971738
2620706696484 2620707296484 4.7823744136840105
2706652070033 2706652670033 4.776339769363403
2795415999068 2795416599068 5.242117447778583
2887090917359 2887091517359 5.110291966237128
2981772290020 2981772890020 5.126831383444369
3079558712914 3079559312914 5.029077244922519
3180552015333 3180552615333 5.029976521618664
3284857366030 3284857966030 4.950299925170839
3392583382741 3392583982741 4.983094257302582
3503842245291 3503842845291 4.886015738360584
3618749812411 3618750412411 4.847402543760836
3737425742391 3737426342391 4.890607126057148
3859993617680 3859994217680 4.661099930293858
3986581073580 3986581673580 4.659467546269298
4117319931162 4117320531162 4.682160937227309
4252346334529 4252346934529 4.518042230047286
4391800892596 4391801492596 4.6072985688224435
4535828825510 4535829425510 4.993839604780078
4684580115873 4684580715873 4.957186457701027
4838209664926 4838210264926 4.923683929257095
4996877453855 4996878053855 4.910748246125877
5160748710386 5160749310386 4.820048886351287
5329994080844 5329994680844 4.768145174719393
5504789807855 5504790407855 5.141738165169954
5685317913874 5685318513874 5.15794157423079
5871766390733 5871766990733 5.102098193950951
6064329395408 6064329995408 5.072526982054114
6263207452199 6263208052199 4.969601021148264
6468607661546 6468608261546 4.876774838194251
6680743915696 6680744515696 4.966549621894956
6899837121430 6899837721430 4.885066214948893
7126115430112 7126116030112 4.888234656304121
7359814475266 7359815075266 4.785693663172424
7601177617955 7601178217955 4.7394867008551955
7850456200205 7850456800205 4.63717095926404
8107909806732 8107910406732 4.622546199709177
8373806535266 8373807135266 4.613607903011143
8648423275732 8648423875732 4.555901956744492
8932045998581 8932046598581 4.99815693218261
9224970052592 9224970652592 4.997122782282531
9527500472427 9527501072427 4.869826411828399
9839952296278 9839952896278 4.864716001786292
10162650893930 10162651493930 4.837947705760598
10495932305582 10495932905582 4.74705402739346
10840143591783 10840144191783 4.7676620883867145
11195643194839 11195643794839 5.146774584427476
11562801312074 11562801912074 5.107582497410476
11942000281335 11942000881335 5.069161585532129
12333634979138 12333635579138 5.048176787793636
12738113231865 12738113831865 4.922995406202972
13155856240457 13155856840457 4.957735504955053
13587299019027 13587299619027 4.863595415838063
14032890847859 14032891447859 4.784847826696932
14493095741262 14493096341262 4.851753373630345
14968392930773 14968393530773 4.761632594279945
15459277364195 15459277964195 4.679231754504144
15966260221014 15966260821014 4.618030407465994
16489869444711 16489870044711 4.6148710725829005
17030650292528 17030650892528 4.550956820137799
17589165903277 17589166503277 4.492337038740516
18165997883753 18165998483753 4.971029836684465
18761746914391 18761747514391 4.905817870050669
19377033374780 19377033974780 4.850983667187393
20012497989690 20012498589690 4.8132556807249784
20668802496291 20668803096291 4.723223038949072
21346630333242 21346630933242 4.762134385295212
22046687352394 22046687952394 5.12790766172111
22769702553817 22769703153817 5.080786052159965
23516428844943 23516429444943 5.036562839522958
24287643824605 24287644424605 4.986805300228298
25084150592775 25084151192775 4.9120076689869165
25906778586880 25906779186880 4.892851050011814
26756384445521 26756385045521 4.85071549192071
27633852900532 27633853500532 4.768762757070363
28540097698292 28540098298292 4.741145690903068
29476062551249 29476063151249 4.719540510326624
30442722120643 30442722720643 4.729930914007127
31441083031473 31441083631473 4.543202755972743
32472184920731 32472185520731 4.533918176777661
33537101520029 33537102120029 4.460163562558591
34636941773717 34636942373717 4.427751326933503
35772850993679 35772851593679 4.890485846437514
36946012051993 36946012651993 4.876005942001939
38157646612712 38157647212712 4.886693808250129
39409016404034 39409017004034 4.74735108576715
40701424532194 40701425132194 4.733167284168303
42036216838447 42036217438447 4.693276879377663
43414783300551 43414783900551 4.735960695892572
44838559480212 44838560080212 5.064381567761302
46309028017997 46309028617997 4.99294509831816
47827720177275 47827720777275 5.0254917880520225
49396217438783 49396218038783 4.884255710989237
51016153147498 51016153747498 4.841995648108423
52689214213507 52689214813507 4.853008742444217
54417142868659 54417143468659 4.8893658351153135
56201738480832 56201739080832 4.803831176832318
58044859427690 58044860027690 4.737480888143182
59948425031894 59948425631894 4.713772797957063
61914417559778 61914418159778 4.5941707799211144
63944884285569 63944884885569 4.501814383082092
66041939623303 66041940223303 4.520517077296972
68207767328657 68207767928657 4.431277452968061
70444622772991 70444623372991 4.886018386110663
72754835291962 72754835891962 4.806021496653557
75140810611170 75140811211170 4.884141928516328
77605033351336 77605033951336 4.765029622241855
80150069615654 80150070215654 4.73623887822032
82778569661985 82778570261985 4.730199140496552
85493270662684 85493271262684 4.627129592001438
88296999554941 88297000154941 5.010521505959332
91192675984593 91192676584593 4.990960658527911
94183315346480 94183315946480 4.901075752452016
97272031924506 97272032524506 4.910349875688553
100462042134681 100462042734681 4.912352333776653
103756667874518 103756668474518 4.835926950909197
107159339982267 107159340582267 4.870435415767133
110673601809597 110673602409597 4.7596835335716605
114303112911448 114303113511448 4.740939397364855
118051652856880 118051653456880 4.715917963534594
121923125164911 121923125764911 4.633276309818029
125921561369415 125921561969415 4.577327044680715
130051125217341 130051125817341 4.472625823691487
134316117004602 134316117604602 4.442896278575063
138720978054162 138720978654162 4.483991917222738
143270295340983 143270295940983 4.880084039643407
147968806268640 147968806868640 4.861544616520405
152821403602587 152821404202587 4.768892251886427
157833140565212 157833141165212 4.743138215504587
163009236097974 163009236697974 4.707923112437129
168355080296120 168355080896120 4.605552545748651
173876240021625 173876240621625 4.664814494550228
179578464700210 179578465300210 4.9731915118172765
185467692308470 185467692908470 5.003207802772522
191550055557352 191550056157352 4.910262767225504
197831888278416 197831888878416 4.962182834744453
204319732019527 204319732619527 4.803757567889988
211020342856860 211020343456860 4.749873364344239
217940698430296 217940699030296 4.751269327476621
225088005209546 225088005809546 4.724699974991381
232469705998565 232469706598565 4.638788312673569
240093487686065 240093488286065 4.674585422500968
247967289250216 247967289850216 4.471858294680715
256099310025846 256099310625846 4.5540582640096545
264498018242771 264498018842771 4.502026222646236
273172159844137 273172160444137 4.443775497376919
282130767593947 282130768193947 4.778333977796137
291383170483279 291383171083279 4.812822438776493
300939003444972 300939004044972 4.769789564423263
310808217386906 310808217986906 4.7596042053774
321001089554317 321001090154317 4.71580399107188
331528234231942 331528234831942 4.691696991212666
342400613797143 342400614397143 4.682435045950115
353629550135505 353629550735505 5.026748328469694
365226736430817 365226737030817 4.981101745739579
377204249341699 377204249941699 4.9533915957435966
389574561577550 389574562177550 4.867707310244441
402350554886929 402350555486929 4.864404177293181
415545533471888 415545534071888 4.82781664095819
429173237842215 429173238442215 4.7412340538576245
443247859124039 443247859724039 4.7056601382792
457784053837662 457784054437662 4.688680692575872
472796959160039 472796959760039 4.617511277087033
488302208687788 488302209287788 4.669034763239324
504315948717135 504315949317135 4.5479018362239
520854855057766 520854855657766 4.485132774338126
537936150398070 537936150998070 4.351361433044076
555577622239888 555577622839888 4.422027276828885
573797641421414 573797642021414 4.814549534581602
592615181247556 592615181847556 4.827647652477026
612049837247669 612049837847669 4.73063375428319
632121847581245 632121848181245 4.732318922877312
652852114112785 652852114712785 4.668612920679152
674262224177835 674262224777835 4.6388950496912
696374473062824 696374473662824 4.599153432063758
719211887222118 719211887822118 4.929987576790154
742798248256491 742798248856491 4.898049090988934
767158117677930 767158118277930 4.8697754349559546
792316862486626 792316863086626 4.7485334780067205
818300681586741 818300682186741 4.819772242568433
845136633068470 845136633668470 4.694440433755517
872852662384837 872852662984837 4.653864991851151
901477631452492 901477632052492 4.655424737371504
931041348706908 931041349306908 4.647651358507574
961574600143212 961574600743212 4.619308467023075
993109181374978 993109181974978 4.486444061622024
1025677930744421 1025677931344421 4.457577434368432
1059314763518370 1059314764118370 4.382792144082487
1094054707205744 1094054707805744 4.405909935943782
1129933938033224 1129933938633224 4.762673926539719
1166989818617145 1166989819217145 4.801812420599163
1205260936870841 1205260937470841 4.7109403517097235
1244787146187906 1244787146787906 4.7092955922707915
1285609606943296 1285609607543296 4.650246688164771
1327770829355432 1327770829955432 4.651311654597521
1371314717753943 1371314718353943 4.630957117304206
1416286616299197 1416286616899197 4.909678044728935
1462733356201130 1462733356801130 4.876848918385804
1510703304486656 1510703305086656 4.83699179533869
1560246414366371 1560246414966371 4.809445125982165
1611414277253016 1611414277853016 4.767615302465856
1664260176485902 1664260177085902 4.710501021705568
1718839142817146 1718839143417146 4.687368787825108
1775208011717636 1775208012317636 4.67209929972887
1833425482562292 1833425483162292 4.631541372276843
1893552179756291 1893552180356291 4.625708200037479
1955650715865947 1955650716465947 4.5579763781279325
2019785756819878 2019785757419878 4.47555248811841
2086024089248505 2086024089848505 4.482927061617374
2154434690031887 2154434690631887 4.4018460009247065
2225088798128365 2225088798728365 4.354902638122439
2298059988758848 2298059989358848 4.743425652384758
2373424250023866 2373424250623866 4.7628473630174994
2451260062033340 2451260062633340 4.7323345467448235
2531648478631358 2531648479231358 4.65232624579221
2614673211801086 2614673212401086 4.51516184117645
2700420718837770 2700420719437770 4.5325864078477025
2788980292380440 2788980292980440 4.4921441283077
2880444153396298 2880444153996298 4.9317327439785
2974907547214444 2974907547814444 4.8314710492268205
3072468842708997 3072468843308997 4.849394372664392
3173229634734973 3173229635334973 4.759893219918013
3277294849923382 3277294850523382 4.736805593594909
3384772855945983 3384772856545983 4.659831905737519
3495775574363279 3495775574963279 4.747553642839193
3610418597173330 3610418597773330 4.652430324815214
3728821307182830 3728821307782830 4.638893093913794
3851107002325569 3851107002925569 4.568928782828152
3977403024058036 3977403024658036 4.4700655890628695
4107840889965651 4107840890565651 4.446920688264072
4242556430717768 4242556431317768 4.396571139805019
4381689931514186 4381689932114186 4.459576850757003
4525386278170167 4525386278770167 4.708711362443864
4673795107992464 4673795108592464 4.7816249234601855
4827070965603188 4827070966203188 4.645401558838785
4985373463873883 4985373464473883 4.641181154176593
5148867450137487 5148867450737487 4.668644746765494
5317723177850966 5317723178450966 4.55285522621125
5492116483887789 5492116484487789 4.4676317581906915
5672228971644549 5672228972244549 4.914063295349479
5858248200152548 5858248200752548 4.808618824928999
6050367879391212 6050367879991212 4.780429729260504
6248788072006888 6248788072606888 4.79595566354692
6453715401646702 6453715402246702 4.694489314220846
6665363268124920 6665363268724920 4.695842480286956
6883952069645510 6883952070245510 4.639894342981279
7109709432312424 7109709432912424 4.598510293290019
7342870447166758 7342870447766758 4.571592154912651
7583677914997191 7583677915597191 4.522722615860403
7832382599179204 7832382599779204 4.5554072530940175
8089243486805955 8089243487405955 4.488084880635142
8354528058382854 8354528058982854 4.407113753259182
8628512566366887 8628512566966887 4.426360948011279
8911482322840202 8911482323440202 4.3344255574047565
9203731996618230 9203731997218230 4.692089804448187
9505565920101210 9505565920701210 4.607903460972011
9817298406188820 9817298406788820 4.642897134646773
10139254075588102 10139254076188102 4.622701722197235
10471768194855202 10471768195455202 4.530081219039857
10815187025522936 10815187026122936 4.52708753850311
11169868184678248 11169868185278248 4.489864565432072
11536181017364762 11536181017964762 4.814846845343709
11914506981197796 11914506981797796 4.770560908131301
12305240043592616 12305240044192616 4.78605199418962
12708787092020544 12708787092620544 4.690544494427741
13125568357718454 13125568358318454 4.623124275356531
13556017853293662 13556017853893662 4.604870391078293
14000583824680904 14000583825280904 4.607567314989865
14459729217920196 14459729218520196 4.525982575491071
14933932161242594 14933932161842594 4.494803827255964
15423686462966306 15423686463566306 4.5187981417402625
15929502125721196 15929502126321196 4.417008328251541
16451905877536674 16451905878136674 4.41082795150578
16991441720346260 16991441720946260 4.401380738243461
17548671496481448 17548671497081448 4.317466559819877
18124175473742396 18124175474342396 4.022115943953395
18718552949655756 18718552950255756 3.989112858660519
19332422875550352 19332422876150352 3.9744129609316587
19966424501097932 19966424501697932 3.984752358868718
20621218039991528 20621218040591528 3.91026755515486
21297485357455232 21297485358055232 3.90871321875602
21995930680300704 21995930680900704 3.8943797862157226
22717281330269120 22717281330869120 4.124631085433066
23462288481422624 23462288482022624 4.107832702808082
24231727942375908 24231727942975908 4.0307407435029745
25026400964179220 25026400964779220 4.087646814994514
25847135074695584 25847135075295584 4.04124677926302
26694784940343072 26694784940943072 3.997877231799066
27570233256095824 27570233256695824 3.9808764588087797
28474391664672596 28474391665272596 3.8900943771004677
29408201705870668 29408201706470668 3.888743725605309
30372635797033052 30372635797633052 3.926278372295201
31368698245668860 31368698246268860 3.8601726861670613
32397426295281956 32397426295881956 3.7676349794492126
33459891205499612 33459891206099612 3.735269306227565
34557199367621428 34557199368221428 3.7878869008272886
35690493456752224 35690493457352224 3.7125572711229324
36860953621721392 36860953622321392 4.059416875243187
38069798714022840 38069798714622840 3.95849765278399
39318287557057864 39318287557657864 3.924715669825673
40607720257003696 40607720257603696 3.911806403659284
41939439556671776 41939439557271776 3.9284905483946204
43314832233764120 43314832234364120 3.840758888050914
44735330544984632 44735330545584632 3.825056727975607
46202413717512944 46202413718112944 4.119424311444163
47717609489387504 47717609489987504 4.0778204295784235
49282495700405032 49282495701005032 4.045089134015143
50898701935196536 50898701935796536 3.9208221407607198
52567911220184192 52567911220784192 3.9952711379155517
54291861776189648 54291861776789648 3.9481055848300457
56072348828520384 56072348829120384 3.9222589153796434
57911226476417464 57911226477017464 3.884359274059534
59810409623809560 59810409624409560 3.842449706979096
61771875973384880 61771875973984880 3.8891594484448433
63797668086062560 63797668086662560 3.8046906581148505
65889895507999568 65889895508599568 3.742107137106359
68050736967352480 68050736967952480 3.7785345539450645
70282442643083096 70282442643683096 3.7363441474735737
72587336508172464 72587336508772464 3.962475521489978
74967818749669072 74967818750269072 3.980514192953706
77426368268112784 77426368268712784 3.9173749200999737
79965545258923296 79965545259523296 3.9591350192204118
82587993878442896 82587993879042896 3.953637082129717
85296444997410160 85296444998010160 3.8717301497235894
88093719044739552 88093719045339552 3.8199629988521338
90982728944555680 90982728945155680 4.108589392155409
93966483149547488 93966483150147488 4.05128663405776
97048088773802464 97048088774402464 4.016101437620819
100230754828386432 100230754828986432 3.9835071209818125
103517795563018048 103517795563618048 4.001380115747452
106912633917347712 106912633917947712 3.9859950318932533
110418805085415792 110418805086015792 3.967405647970736
114039960197003536 114039960197603536 3.926043214276433
117779870119711808 117779870120311808 3.8376171616837382
121642429385736304 121642429386336304 3.8301884960383177
125631660247412144 125631660248012144 3.8137859823182225
129751716865759488 129751716866359488 3.727808411233127
134006889636394240 134006889636994240 3.7372044157236814
138401609657313008 138401609657913008 3.758160072378814
142940453343176688 142940453343776688 3.6556966304779053
147628147190939104 147628147191539104 3.9621401326730847
152469572701756992 152469572702356992 4.012765516526997
157469771464308992 157469771464908992 3.92907961178571
162633950404819072 162633950405419072 3.910118306055665
167967487209264640 167967487209864640 3.8882105061784387
173475935923393248 173475935923993248 3.867574746720493
179165032736391040 179165032736991040 3.847309060394764
185040701954229088 185040701954829088 4.095464026555419
191109062168913600 191109062169513600 4.054152850992978
197376432630026336 197376432630626336 3.9710002839565277
203849339825246432 203849339825846432 3.966039047576487
210534524276669952 210534524277269952 3.9517796356230974
217438947560008448 217438947560608448 3.964511325582862
224569799553977184 224569799554577184 3.88287493865937
231934505927441792 231934505928041792 3.9204328460618854
239540735872087936 239540735872687936 3.8721889834851027
247396410088682688 247396410089282688 3.8012853479012847
255509709035249120 255509709035849120 3.751922029070556
263889081445750752 263889081446350752 3.765570749528706
272543253128103904 272543253128703904 3.679588100872934
281481236050758112 281481236051358112 3.6685698432847857
290712337727256960 290712337727856960 4.010790314525366
300246170908555520 300246170909155520 3.9517632825300097
310092663593192320 310092663593792320 3.9787931200116873
320262069365763712 320262069366363712 3.86461335234344
330764978074424256 330764978075024256 3.911360040307045
341612326858554624 341612326859154624 3.822624816559255
352815411538086144 352815411538686144 3.832703043706715
364385898376354048 364385898376954048 4.089340263977647
376335836228654784 376335836229254784 4.065855207853019
388677669089266752 388677669089866752 3.992486431263387
401424249049930944 401424249050530944 3.9848242374137044
414588849683291968 414588849683891968 3.9664910389110446
428185179865240704 428185179865840704 3.901369790546596
442227398050587904 442227398051187904 3.903269768692553
456730127016874688 456730127017474688 3.847252090461552
471708469091704128 471708469092304128 3.8544680951163173
487178021879460096 487178021880060096 3.8435317119583488
503154894503804608 503154894504404608 3.8517828192561865
519655724382767872 519655724383367872 3.7453574128448963
536697694554047616 536697694554647616 3.757095828652382
554298551568465216 554298551569065216 3.648825926706195
572476623970219008 572476623970819008 3.702659083530307
591250841383186944 591250841383786944 3.950876347720623
610640754223201152 610640754223801152 3.9684301540255547
630666554056740608 630666554057340608 3.892650067806244
651349094627283584 651349094627883584 3.8321099085733294
672709913571235072 672709913571835072 3.847062329761684
694771254846022528 694771254846622528 3.861861975863576
717556091893694976 717556091894294976 3.8620368279516697
741088151564156928 741088151564756928 4.086319586262107
765391938823012480 765391938823612480 4.021711612120271
790492762269643648 790492762270243648 4.017147226259112
816416760492145536 816416760492745536 3.9933761917054653
843190929286621568 843190929287221568 3.9051885828375816
870843149769072384 870843149769672384 3.92554182279855
899402217409208960 899402217409808960 3.9131526686251163
928897872016451712 928897872017051712 3.8736625043675303
959360828709312768 959360828709912768 3.866975818760693
990822809900382848 990822809900982848 3.7813302371650934
1023316578330244864 1023316578330844864 3.728607375174761
1056875971184800768 1056875971185400768 3.691212841309607
1091535935331393280 1091535935331993280 3.6706198630854487
1127332563710484864 1127332563711084864 3.737827149219811
1164303132920870912 1164303132921470912 3.911734899505973
1202486142037412352 1202486142038012352 3.965193334966898
1241921352701789696 1241921352702389696 3.914286842569709
1282649830528062464 1282649830528662464 3.8446048041805625
1324713987866114816 1324713987866714816 3.857400508597493
1368157627967475968 1368157627968075968 3.8504228815436363
1413025990599533568 1413025990600133568 3.7622209331020713
1459365799155751680 1459365799156351680 4.04785727802664
1507225309310758656 1507225309311358656 4.036111192777753
1556654359271058944 1556654359271658944 3.984637481160462
1607704421673815552 1607704421674415552 3.967242485843599
1660428657187529472 1660428657188129472 3.93214307166636
1714881969870547968 1714881969871147968 3.9150596652179956
1771121064345090560 1771121064345690560 3.8612578148022294
1829204504846290176 1829204504846890176 3.872196214273572
1889192776207672064 1889192776208272064 3.8316294802352786
1951148346846616320 1951148346847216320 3.867222759872675
2015135733815550208 2015135733816150208 3.815535749308765
2081221569986341376 2081221569986941376 3.762401449494064
2149474673437976064 2149474673438576064 3.7266096444800496
2219966119119943424 2219966119120543424 3.7168542128056288
2292769312865648640 2292769312866248640 3.6827115770429373
2367960067833088512 2367960067833688512 3.961072837933898
2445616683452448768 2445616683453048768 3.9436471667140722
2525820026962779648 2525820026963379648 3.8309801537543535
2608653617622556160 2608653617623156160 3.8309282576665282
2694203713681882112 2694203713682482112 3.802363228984177
2782559402207114240 2782559402207714240 3.795342189259827
2873812691851069440 2873812691851669440 3.8110898826271296
2968058608665596416 2968058608666196416 3.9702602364122868
3065395295056510976 3065395295057110976 3.966504572890699
3165924111983520768 3165924111984120768 3.932507143355906
3269749744511781376 3269749744512381376 3.8675175923854113
3376980310825094656 3376980310825694656 3.8576237009838223
3487727474814170624 3487727474814770624 3.9363873563706875
3602106562357081088 3602106562357681088 3.878494937904179
3720236681413065728 3720236681413665728 3.8105351282283664
3842240846055045120 3842240846055645120 3.75983174610883
3968246104569485824 3968246104570085824 3.7777017960324883
4098383671757253120 4098383671757853120 3.716057723388076
4232789065573527040 4232789065574127040 3.7478066394105554
4371602248248502272 4371602248249102272 3.7176057174801826
4514967772036120576 4514967772036720576 3.683829882182181
4663034929742736384 4663034929743336384 3.928560701198876
4815957910192340992 4815957910192940992 3.8995754681527615
4973895958790077440 4973895958790677440 3.8836952904239297
5137013543351339008 5137013543351939008 3.832293661311269
5305480525369552896 5305480525370152896 3.854116310365498
5479472336900292608 5479472336900892608 3.783028475008905
5659170163246230528 5659170163246830528 3.786934553645551
5844761131633601536 5844761131634201536 3.984036727808416
6036438506075864064 6036438506076464064 3.999990195967257
6234401888627889152 6234401888628489152 3.9770602798089385
6438857427240425472 6438857427241025472 3.9849246190860868
6650018030431105024 6650018030431705024 3.8859225371852517
6868103588995321856 6868103588995921856 3.8895411053672433
7093341204987990016 7093341204988590016 3.818805859424174
7325965428215199744 7325965428215799744 3.884889291599393
7566218500481062912 7566218500481662912 3.7937323953956366
7814350607844589568 7814350607845189568 3.785217622295022
8070620141149457408 8070620141150057408 3.6679113302379847
8335293965098186752 8335293965098786752 3.740401021204889
8608647696149279744 8608647696149879744 3.691442795097828
8890965989529166848 8890965989529766848 3.681322079151869
9182542835656262656 9182542835656862656 3.677523880265653
9483681866285946880 9483681866286546880 3.8743216078728437
9794696670695385088 9794696670695985088 3.8563275868073106
10115911122238255104 10115911122238855104 3.8711010543629527
10447659715608051712 10447659715608651712 3.8025561636313796
10790287915161903104 10790287915162503104 3.806309634819627
11144152514667812864 11144152514668412864 3.822912090457976
11509622008850311168 11509622008850911168 3.7732365811243653
11887076977119080448 11887076977119680448 3.9698310745880008
12276910479883603968 12276910479884203968 3.9305596007034183
12679528467864313856 12679528467864913856 3.929323833435774
13095350204826703872 13095350204827303872 3.815472832880914
13524808704178739200 13524808704179339200 3.881917561404407
13968351179887339520 13968351179887939520 3.891300062648952
14426439512181587968 14426439512182187968 3.781982669606805
14899550728528627712 14899550728529227712 3.8064919468015432
15388177500383369216 15388177500383969216 3.744091439060867
15892828656229763072 15892828656230363072 3.7632645899429917
16414029711444731904 16414029711445331904 3.7407396007329226
16952323415541213184 16952323415541813184 3.673935431987047
17508270317357197312 17508270317357797312 3.6894233552739024
18082449348779554816 18082449348780154816 3.6095579843968153
18675458427610738688 18675458427611338688 3.9401500755921006
19287915080207699968 19287915080208299968 3.925767925567925
19920457084538712064 19920457084539312064 3.878125880844891
20573743134329241600 20573743134329841600 3.8835155302658677
21248453524988698624 21248453524989298624 3.875997230410576
21945290862033113088 21945290862033713088 3.8229966117069125
22664980792737021952 22664980792737621952 3.7742666993290186
23408272761782943744 23408272761783543744 4.078082270920277
24175940791691235328 24175940791691835328 4.047945824451745
24968784288843317248 24968784288843917248 3.998480430804193
25787628875937984512 25787628875938584512 3.9788914043456316
26633327251749699584 26633327251750299584 3.9522695327177644
27506760079080673280 27506760079081273280 3.926228202879429
28408836901833187328 28408836901833787328 3.9033442670479417
29340497092157689856 29340497092158289856 3.8577151773497462
30302710828663930880 30302710828664530880 3.8698228374123573
31296480106707632128 31296480106708232128 3.8894594265148044
32322839781813805056 32322839781814405056 3.82177188526839
33382858647317508096 33382858647318108096 3.809189840219915
34477640547344711680 34477640547345311680 3.7806258108466864
35608325526292742144 35608325526293342144 3.76492955442518
36776091016010158080 36776091016010758080 3.710987063124776
37982153061907365888 37982153061907965888 3.8944123024120927
39227767589277392896 39227767589277992896 3.9047323409467936
40514231711146221568 40514231711146821568 3.888001182116568
41842885079015759872 41842885079016359872 3.8386148530989885
43215111277897793536 43215111277898393536 3.8302627727389336
44632339267103973376 44632339267104573376 3.803553587757051
46096044868284194816 46096044868284794816 3.779459288343787
47607752302263779328 47607752302264379328 4.052211913280189
49169035776280215552 49169035776280815552 3.98443525377661
50781521123276496896 50781521123277096896 4.000596315599978
52446887494951190528 52446887494951790528 3.9454078068956733
54166869110331793408 54166869110332393408 3.924667052924633
55943257061693431808 55943257061694031808 3.9108637161552906
57777901179704950784 57777901179705550784 3.8874974492937326
59672711959733346304 59672711959733946304 3.8278100080788136
61629662551329423360 61629662551330023360 3.849079506471753
63650790812955516928 63650790812956116928 3.794830628670752
65738201434095984640 65738201434096584640 3.7923713186755776
67894068126960984064 67894068126961584064 3.8006096687167883
70120635890071478272 70120635890072078272 3.747763150371611
72420223346073149440 72420223346073749440 3.718820158392191
74795225156218585088 74795225156219185088 3.8983416939154267
77248114514034163712 77248114514034763712 3.884952520020306
79781445720766119936 79781445720766719936 3.8672271966934204
82397856845285441536 82397856845286041536 3.856048349291086
85100072471222468608 85100072471223068608 3.810355309396982
87890906534199279616 87890906534199879616 3.818749134428799
90773265252102422528 90773265252103022528 3.7664002906531096
93750150151452704768 93750150151453304768 4.037802335806191
96824661193030746112 96824661193031346112 3.9962043203413486
100000000000000000000 100000000000000600000 3.9926407104358077
