1000000 5761905 4.944236223585904
1032795 5794700 4.9540235893800855
1066665 5828570 4.938217190094292
1101646 5863551 4.946710154414177
1137774 5899679 5.0175520377233624
1175087 5936992 4.951939484104514
1213624 5975529 4.959136231802404
1253424 6015329 4.955839116126299
1294530 6056435 4.9540656274184585
1336984 6098889 4.942807745188475
1380830 6142735 4.934543050825596
1426114 6188019 4.940159836784005
1472883 6234788 4.935905741527677
1521186 6283091 4.938957045786083
1571072 6332977 4.930218140594661
1622595 6384500 4.929923744872212
1675808 6437713 4.937923210673034
1730766 6492671 4.942373816855252
1787526 6549431 4.936143816448748
1846147 6608052 4.930631662718952
1906691 6668596 4.929511988535523
1969220 6731125 4.924465139396489
2033800 6795705 4.926026509143412
2100498 6862403 4.919063161127269
2169384 6931289 4.93939914740622
2240528 7002433 4.937721278518438
2314005 7075910 4.941728180274367
2389893 7151798 4.9403538620099425
2468268 7230173 4.919914004392922
2549215 7311120 4.929083665832877
2632815 7394720 4.9339798567816615
2719158 7481063 4.940839152783155
2808332 7570237 4.915998080745339
2900430 7662335 4.928086688742042
2995549 7757454 4.920070904307067
3093788 7855693 4.925165857188404
3195248 7957153 4.931609120219946
3300035 8061940 4.913415203802288
3408259 8170164 4.931213748641312
3520031 8281936 4.923900157213211
3635470 8397375 4.915495344437659
3754694 8516599 4.919720690697432
3877828 8639733 4.959307076409459
4005001 8766906 4.917211635969579
4136344 8898249 4.89970094896853
4271994 9033899 4.916110333055258
4412093 9173998 4.930535145103931
4556786 9318691 4.934312618337572
4706225 9468130 4.903806300833821
4860564 9622469 4.898712877184153
5019965 9781870 4.898668950423598
5184594 9946499 4.8897476783022285
5354621 10116526 4.888656230643392
5530224 10292129 4.916160005144775
5711586 10473491 4.9105563424527645
5898896 10660801 4.910720641724765
6092349 10854254 4.885799860581756
6292146 11054051 4.8795892763882875
6498495 11260400 4.8897527093067765
6711612 11473517 4.903153252787888
6931717 11693622 4.8859079740941525
7159041 11920946 4.911103947088122
7393820 12155725 4.9025639444589615
7636298 12398203 4.890638982877135
7886729 12648634 4.903225589543581
8145372 12907277 4.891243631020188
8412497 13174402 4.876262792386115
8688383 13450288 4.905608677305281
8973316 13735221 4.875967104919255
9267593 14029498 4.882742247544229
9571522 14333427 4.88144098687917
9885417 14647322 4.906822341494262
10209607 14971512 4.890858436003327
10544428 15306333 4.881925816647708
10890230 15652135 4.881250619888306
11247372 16009277 4.8916263449937105
11616226 16378131 4.8861514730378985
11997177 16759082 4.892888353206217
12390622 17152527 4.894701251760125
12796969 17558874 4.884365489706397
13216642 17978547 4.890858039259911
13650078 18411983 4.866244322620332
14097729 18859634 4.879180419258773
14560060 19321965 4.86997546069324
15037553 19799458 4.850586797110736
15530706 20292611 4.877152255736291
16040031 20801936 4.872415507212281
16566060 21327965 4.856013769283891
17109339 21871244 4.834620983339846
17670435 22432340 4.870292171835899
18249932 23011837 4.875957406125963
18848434 23610339 4.851386368274689
19466563 24228468 4.86889161169529
20104964 24866869 4.8687731279060245
20764301 25526206 4.864494386129081
21445261 26207166 4.863526692613959
22148552 26910457 4.87622594460845
22874908 27636813 4.869435529224575
23625085 28386990 4.872871120460331
24399863 29161768 4.846697188913822
25200050 29961955 4.832202468067408
26026479 30788384 4.844623268581927
26880010 31641915 4.862013792619109
27761533 32523438 4.896571094170213
28671965 33433870 4.893229166045785
29612254 34374159 4.859414577484131
30583380 35345285 4.838970517739654
31586354 36348259 4.820962466299534
32622220 37384125 4.808235093951225
33692057 38453962 4.783962423913181
34796979 39558884 4.814557186327875
35938137 40700042 4.824457895942032
37116718 41878623 4.848413901403546
38333951 43095856 4.824310225434601
39591103 44353008 4.830344470217824
40889482 45651387 4.8472444619983435
42230442 46992347 4.824994605965912
43615378 48377283 4.850610896945
45045733 49807638 4.865883324295282
46522995 51284900 4.849260029383004
48048704 52810609 4.820907020941377
49624449 54386354 4.799967493861914
51251869 56013774 4.803450542502105
52932661 57694566 4.841674352064729
54668573 59430478 4.826862080022693
56461414 61223319 4.830821719951928
58313051 63074956 4.8288614470511675
60225412 64987317 4.857634008862078
62200488 66962393 4.884523156099021
64240337 69002242 4.837045815773308
66347081 71108986 4.764996781013906
68522916 73284821 4.76137167122215
70770107 75532012 4.80576637852937
73090993 77852898 4.794586800970137
75487993 80249898 4.778167001903057
77963601 82725506 4.827347645536065
80520397 85282302 4.8293364979326725
83161042 87922947 4.787296484224498
85888286 90650191 4.797579366713762
88704969 93466874 4.817727671936154
91614025 96375930 4.826534905470908
94618482 99380387 4.866540313698351
97721470 102483375 4.839561480097473
100926219 105688124 4.736542208120227
104236067 108997972 4.808231796137989
107654461 112416366 4.794085185974836
111184960 115946865 4.821493173018098
114831241 119593146 4.817610909231007
118597101 123359006 4.795107549056411
122486461 127248366 4.839607655070722
126503372 131265277 4.844333211891353
130652016 135413921 4.848118753172457
134936714 139698619 4.709582560695708
139361927 144123832 4.784506607800722
143932264 148694169 4.772330282256007
148652484 153414389 4.767285781912506
153527503 158289408 4.780586040578783
158562396 163324301 4.80024703592062
163762407 168524312 4.8258701441809535
169132952 173894857 4.74723356962204
174679622 179441527 4.799138148315251
180408193 185170098 4.824326040223241
186324631 191086536 4.8082285085693
192435098 197197003 4.837908879853785
198745955 203507860 4.803678818978369
205263775 210025680 4.765928546898067
211995346 216757251 4.796508585102856
218947676 223709581 4.774292797781527
226128007 230889912 4.810491011478007
233543814 238305719 4.783851001411676
241202821 245964726 4.777257786132395
249113003 253874908 4.814618573524058
257282597 262044502 4.848704872652888
265720111 270482016 4.779570046812296
274434330 279196235 4.70156052429229
283434331 288196236 4.708749271929264
292729484 297491389 4.75959596876055
302329468 307091373 4.704701617360115
312244282 317006187 4.809176990762353
322484250 327246155 4.810266064479947
333060034 337821939 4.792123974300921
343982649 348744554 4.74225751683116
355263468 360025373 4.778525619767606
366914238 371676143 4.770993363112211
378947092 383708997 4.816640682518482
391374560 396136465 4.855813537724316
404209584 408971489 4.653446939773858
417465529 422227434 4.710984371602535
431156199 435918104 4.830674142576754
445295851 450057756 4.784302307292819
459899209 464661114 4.830831446684897
474981480 479743385 4.758610683493316
490558371 495320276 4.798193342983723
506646101 511408006 4.776431695558131
523261424 528023329 4.841876179911196
540421642 545183547 4.643565039150417
558144625 562906530 4.70027728099376
576448828 581210733 4.706466845236719
595353313 600115218 4.761686097830534
614877765 619639670 4.760693297721446
635042517 639804422 4.761668531224132
655868566 660630471 4.794664416462183
677377600 682139505 4.6744653172791
699592017 704353922 4.802394274622202
722534949 727296854 4.760098882950842
746230289 750992194 4.735119602642953
770702711 775464616 4.759877427481115
795977700 800739605 4.856654687784612
822081576 826843481 4.638246586546302
849041520 853803425 4.741319498978555
876885609 881647514 4.694680593907833
905642838 910404743 4.715456034056842
935343152 940105057 4.8323470037430525
966017480 970779385 4.777286374941468
997697764 1002459669 4.826377271674573
1030416995 1035178900 4.826444777660072
1064209244 1068971149 4.8855785224586725
1099109701 1103871606 4.671297630295157
1135154709 1139916614 4.784912136383355
1172381803 1177143708 4.716955495998263
1210829750 1215591655 4.638153403066099
1250538587 1255300492 4.753231294453144
1291549665 1296311570 4.720262714661658
1333905690 1338667595 4.835181345231831
1377650770 1382412675 4.6743104653432965
1422830457 1427592362 4.733031591400504
1469491801 1474253706 4.843314976431429
1517683390 1522445295 4.759317895397544
1567455410 1572217315 4.819728947244585
1618859690 1623621595 4.6416010884568095
1671949760 1676711665 4.774281421676278
1726780904 1731542809 4.756485804915428
1783410221 1788172126 4.721123736351728
1841896681 1846658586 4.824752673506737
1902301189 1907063094 4.706871621310711
1964686646 1969448551 4.733567614108324
2029118018 2033879923 4.707240684889257
2095662399 2100424304 4.784625014290214
2164389086 2169150991 4.563950379379094
2235369646 2240131551 4.683895815163851
2308677994 2313439899 4.721890572458506
2384390470 2389152375 4.721529307775199
2462585916 2467347821 4.723216659389436
2543345761 2548107666 4.830734965391457
2626754104 2631516009 4.7600772101432085
2712897800 2717659705 4.729759842157364
2801866556 2806628461 4.727888592518866
2893753019 2898514924 4.718319568783045
2988652874 2993414779 4.691312090493739
3086664943 3091426848 4.672457756474614
3187891293 3192653198 4.746731364168227
3292437333 3297199238 4.612874247133732
3400411933 3405173838 4.733997533097863
3511927530 3516689435 4.675925466232002
3627100252 3631862157 4.661081226542592
3746050033 3750811938 4.838613040745258
3868900739 3873662644 4.756835621781647
3995780302 4000542207 4.765499413013458
4126820846 4131582751 4.748949664644897
4262158829 4266920734 4.79900761321187
4401935185 4406697090 4.770304570905864
4546295470 4551057375 4.928039275109768
4695390011 4700151916 5.007509285584092
4849374067 4854135972 5.0160778453573585
5008407990 5013169895 5.203757745213807
5172657387 5177419292 5.282624090090394
5342293300 5347055205 5.497049373574555
5517492376 5522254281 5.389892696402967
5698437059 5703198964 5.614858808927238
5885315775 5890077680 5.723290931433439
6078323128 6083085033 5.707202011719346
6277660106 6282422011 5.83843679074198
6483534286 6488296191 5.6689952332526445
6696160055 6700921960 5.907132190652192
6915758829 6920520734 5.970587929710746
7142559286 7147321191 6.047834136523306
7376797603 7381559508 6.260144656524062
7618717702 7623479607 6.06876630615443
7868571507 7873333412 6.112840602174401
8126619200 8131381105 6.186462998390198
8393129498 8397891403 6.282408901490271
8668379930 8673141835 6.133232620544732
8952657126 8957419031 6.3150483993813396
9246257116 9251019021 6.274512494914234
9549485640 9554247545 6.294148802757263
9862658461 9867420366 6.2490381402894855
10186101702 10190863607 6.431269106455147
10520152176 10524914081 6.2698579747229815
10865157747 10869919652 6.292649586685002
11221477682 11226239587 6.240321742370725
11589483034 11594244939 6.194043166004121
11969557024 11974318929 6.122733416035771
12362095437 12366857342 6.019595887511969
12767507043 12772268948 6.1100238328799605
13186214014 13190975919 5.834589564241469
13618652368 13623414273 6.1130510261282325
14065272421 14070034326 5.852434647269547
14526539259 14531301164 5.826041227206588
15002933220 15007695125 5.994979415088892
15494950393 15499712298 5.902515166439116
16003103137 16007865042 5.838323754258454
16527920615 16532682520 5.757957576774061
17069949340 17074711245 5.809382296167314
17629753753 17634515658 5.608833717182279
18207916801 18212678706 5.691359870135784
18805040551 18809802456 5.465594152919948
19421746815 19426508720 5.5113740041852
20058677795 20063439700 5.608001452870667
20716496756 20721258661 5.524922797456384
21395888713 21400650618 5.674428405240178
22097561148 22102323053 5.369239295832813
22822244742 22827006647 5.302414114587009
23570694140 23575456045 5.500159197486937
24343688735 24348450640 5.391756357625127
25142033481 25146795386 5.45680068526417
25966559729 25971321634 5.328119199723005
26818126095 26822888000 5.395355453714728
27697619350 27702381255 5.316767510958016
28605955352 28610717257 5.202698548324406
29544079989 29548841894 5.196408558636904
30512970172 30517732077 5.272908654995263
31513634849 31518396754 5.259825045242906
32547116055 32551877960 5.120946896262467
33614490001 33619251906 5.311654843389988
34716868189 34721630094 5.040908490307629
35855398575 35860160480 5.070994664914906
37031266759 37036028664 5.216224201954901
38245697225 38250459130 5.24164323695004
39499954612 39504716517 5.032339432276785
40795345035 40800106940 5.266763946972787
42133217438 42137979343 5.209611798636615
43514965009 43519726914 4.992047168314457
44942026621 44946788526 5.143462517298758
46415888336 46420650241 5.10714555811137
47938084951 47942846856 4.995287656784058
49510201596 49514963501 5.0072515876963735
51133875384 51138637289 5.105581870302558
52810797119 52815559024 4.966736843809485
54542713053 54547474958 4.92546144220978
56331426706 56336188611 5.020016771741211
58178800743 58183562648 4.992939891293645
60086758917 60091520822 5.110147343017161
62057288068 62062049973 4.9553155498579144
64092440194 64097202099 4.958781362511218
66194334588 66199096493 4.948719512671232
68365160045 68369921950 5.030099646188319
70607177141 70611939046 4.744725500233471
72922720587 72927482492 4.950484104454517
75314201660 75318963565 4.758868939243257
77784110713 77788872618 4.759725988842547
80335019771 80339781676 4.823406271636486
82969585208 82974347113 4.802620590664446
85690550513 85695312418 4.98410371132195
88500749145 88505511050 4.810451910831034
91403107488 91407869393 4.662273568101227
94400647894 94405409799 5.0121721513569355
97496491835 97501253740 4.849463182501495
100693863148 100698625053 4.861093046143651
103996091395 104000853300 4.776700550690293
107406615333 107411377238 4.585781998932362
110928986490 110933748395 4.773864480666816
114566872863 114571634768 4.8171198181807995
118324062746 118328824651 4.806663951836526
122204468663 122209230568 4.7201572228223085
126212131452 126216893357 4.760056436993182
130351224468 130355986373 4.794663835316896
134626057930 134630819835 4.784922572784126
139041083409 139045845314 4.753269317559898
143600898465 143605660370 4.793871824629605
148310251434 148315013339 4.531768838874996
153174046370 153178808275 4.715167369693518
158197348158 158202110063 4.710645749233663
163385387781 163390149686 4.622930285520852
168743567773 168748329678 4.718663929961622
174277467841 174282229746 4.682663701474667
179992850678 179997612583 4.698409327305853
185895667964 185900429869 4.615265849977732
191992066559 191996828464 4.754134384915233
198288394913 198293156818 4.696913113817573
204791209667 204795971572 4.834500318393111
211507282487 211512044392 4.762387927621603
218443607115 218448369020 4.6951545318588614
225607406650 225612168555 4.625869964249432
233006141070 233010902975 4.514882319606841
240647515002 240652276907 4.639591222628951
248539485743 248544247648 4.757537049241364
256690271549 256695033454 4.665072740986943
265108360191 265113122096 4.831576062366366
273802517793 273807279698 4.73338810633868
282781797963 282786559868 4.675672195851803
292055551218 292060313123 4.6004216726869345
301633434726 301638196631 4.676530354656279
311525422356 311530184261 4.474874623119831
321741815068 321746576973 4.691629763692617
332293251640 332298013545 4.74514136929065
343190719746 343195481651 4.817525772377849
354445567397 354450329302 4.595641413703561
366069514760 366074276665 4.72350026294589
378074666360 378079428265 4.509564558044076
390473523689 390478285594 4.6599713722243905
403278998219 403283760124 4.738366948440671
416504424855 416509186760 4.682163869030774
430163575811 430168337716 4.6009317468851805
444270674961 444275436866 4.642214580439031
458840412645 458845174550 4.62583770416677
473887960972 473892722877 4.670426847413182
489428989611 489433751516 4.648649497888982
505479682119 505484444024 4.6032051937654614
522056752785 522061514690 4.600511668249965
539177464039 539182225944 4.642773225903511
556859644429 556864406334 4.6231215335428715
575121707184 575126469089 4.591084487736225
593982669392 593987431297 4.503899207338691
613462171799 613466933704 4.664293225854635
633580499266 633585261171 4.535344090312719
654358601888 654363363793 4.601901430636644
675818116816 675822878721 4.636038932017982
697981390783 697986152688 4.443423697724938
720871503378 720876265283 4.729770441539586
744512291080 744517052985 4.601035300642252
768928372076 768933133981 4.635061123408377
794145171903 794149933808 4.664927425794303
820188949920 820193711825 4.787656644359231
847086826656 847091588561 4.552879814989865
874866812048 874871573953 4.586300136521459
903557834614 903562596519 4.445369550958276
933189771573 933194533478 4.562049250118434
963793479962 963798241867 4.516303546726704
995400828762 995405590667 4.600759943947196
1028044732093 1028049493998 4.697021867148578
1061759183483 1061763945388 4.727775854058564
1096579291268 1096584053173 4.692771635018289
1132541315153 1132546077058 4.578250575810671
1169682703970 1169687465875 4.485720961354673
1208042134677 1208046896582 4.476824065670371
1247659552631 1247664314536 4.6277617663145065
1288576213186 1288580975091 4.451771564781666
1330834724654 1330839486559 4.674522488377988
1374479092678 1374483854583 4.3623267859220505
1419554766050 1419559527955 4.422927766107023
1466108684047 1466113445952 4.616344555281103
1514189325304 1514194087209 4.507284504361451
1563846758302 1563851520207 4.547616257332265
1615132693503 1615137455408 4.545007240027189
1668100537200 1668105299105 4.4564196821302176
1722805447131 1722810209036 4.587976711802185
1779304389919 1779309151824 4.598465638235211
1837656200388 1837660962293 4.687299929559231
1897921642839 1897926404744 4.646404031664133
1960163474319 1960168236224 4.541553251445293
2024446509977 2024451271882 4.647205996327102
2090837690556 2090842452461 4.723085790872574
2159406152104 2159410914009 4.689702754840255
2230223297966 2230228059871 4.540293769910932
2303362873142 2303367635047 4.463920868001878
2378901041079 2378905802984 4.562384624965489
2456916462983 2456921224888 4.571863173507154
2537490379734 2537495141639 4.631699689663947
2620706696484 2620711458389 4.50102580152452
2706652070033 2706656831938 4.521493778564036
2795415999068 2795420760973 4.610930612310767
2887090917359 2887095679264 4.401967538520694
2981772290020 2981777051925 4.693811219185591
3079558712914 3079563474819 4.392928178422153
3180552015333 3180556777238 4.5720792170614
3284857366030 3284862127935 4.6155331851914525
3392583382741 3392588144646 4.611411202698946
3503842245291 3503847007196 4.663205579854548
3618749812411 3618754574316 4.5417525907978415
3737425742391 3737430504296 4.479102415032685
3859993617680 3859998379585 4.53371035028249
3986581073580 3986585835485 4.45421736035496
4117319931162 4117324693067 4.659500768408179
4252346334529 4252351096434 4.629149540327489
4391800892596 4391805654501 4.724019650369883
4535828825510 4535833587415 4.316621455363929
4684580115873 4684584877778 4.54682720080018
4838209664926 4838214426831 4.650605788454413
4996877453855 4996882215760 4.55593819078058
5160748710386 5160753472291 4.514604923315346
5329994080844 5329998842749 4.6316149746999145
5504789807855 5504794569760 4.4915875578299165
5685317913874 5685322675779 4.6533018331974745
5871766390733 5871771152638 4.500918515026569
6064329395408 6064334157313 4.600596494041383
6263207452199 6263212214104 4.451795688830316
6468607661546 6468612423451 4.5184510396793485
6680743915696 6680748677601 4.598925843834877
6899837121430 6899841883335 4.588825232349336
7126115430112 7126120192017 4.642103555612266
7359814475266 7359819237171 4.58005200419575
7601177617955 7601182379860 4.574337103404105
7850456200205 7850460962110 4.641362159512937
8107909806732 8107914568637 4.6372929671779275
8373806535266 8373811297171 4.700393442064524
8648423275732 8648428037637 4.698761309497058
8932045998581 8932050760486 4.630063312128186
9224970052592 9224974814497 4.5797364097088575
9527500472427 9527505234332 4.533264976926148
9839952296278 9839957058183 4.526427615433931
10162650893930 10162655655835 4.619521735236049
10495932305582 10495937067487 4.56272751186043
10840143591783 10840148353688 4.701206238009036
11195643194839 11195647956744 4.493553911335766
11562801312074 11562806073979 4.432554595172405
11942000281335 11942005043240 4.682103469967842
12333634979138 12333639741043 4.609826355241239
12738113231865 12738117993770 4.640802204608917
13155856240457 13155861002362 4.650016072206199
13587299019027 13587303780932 4.497253985144198
14032890847859 14032895609764 4.465745817869902
14493095741262 14493100503167 4.631198988296092
14968392930773 14968397692678 4.607494656927884
15459277364195 15459282126100 4.57897521648556
15966260221014 15966264982919 4.6170291043818
16489869444711 16489874206616 4.708765511400998
17030650292528 17030655054433 4.5800670348107815
17589165903277 17589170665182 4.708081819117069
18165997883753 18166002645658 4.467061790637672
18761746914391 18761751676296 4.444834731519222
19377033374780 19377038136685 4.560684189200401
20012497989690 20012502751595 4.481578217819333
20668802496291 20668807258196 4.506652380339801
21346630333242 21346635095147 4.536250675097108
22046687352394 22046692114299 4.398981895297766
22769702553817 22769707315722 4.56680557038635
23516428844943 23516433606848 4.5187079990282655
24287643824605 24287648586510 4.500366603024304
25084150592775 25084155354680 4.515150859951973
25906778586880 25906783348785 4.640082457102835
26756384445521 26756389207426 4.507974721491337
27633852900532 27633857662437 4.309625158086419
28540097698292 28540102460197 4.487585911527276
29476062551249 29476067313154 4.6607682052999735
30442722120643 30442726882548 4.871871587820351
31441083031473 31441087793378 4.5112356543540955
32472184920731 32472189682636 4.401187610812485
33537101520029 33537106281934 4.493345022201538
34636941773717 34636946535622 4.4451494589447975
35772850993679 35772855755584 4.26675306353718
36946012051993 36946016813898 4.442497732117772
38157646612712 38157651374617 4.432965045794845
39409016404034 39409021165939 4.53595404420048
40701424532194 40701429294099 4.332711463794112
42036216838447 42036221600352 4.574103778228164
43414783300551 43414788062456 4.6054593697190285
44838559480212 44838564242117 4.5317014418542385
46309028017997 46309032779902 4.461332518607378
47827720177275 47827724939180 4.644302221015096
49396217438783 49396222200688 4.560441964305937
51016153147498 51016157909403 4.650377370417118
52689214213507 52689218975412 4.670486596412957
54417142868659 54417147630564 4.694490486755967
56201738480832 56201743242737 4.6346423253417015
58044859427690 58044864189595 4.592315339483321
59948425031894 59948429793799 4.524386846460402
61914417559778 61914422321683 4.518612476065755
63944884285569 63944889047474 4.394344087690115
66041939623303 66041944385208 4.391265904530883
68207767328657 68207772090562 4.56421880889684
70444622772991 70444627534896 4.3965374724939466
72754835291962 72754840053867 4.468667327426374
75140810611170 75140815373075 4.481910216622055
77605033351336 77605038113241 4.484068811871111
80150069615654 80150074377559 4.478202935308218
82778569661985 82778574423890 4.52626477368176
85493270662684 85493275424589 4.469546590931714
88296999554941 88297004316846 4.553351115435362
91192675984593 91192680746498 4.516832678578794
94183315346480 94183320108385 4.480295372195542
97272031924506 97272036686411 4.607453971169889
100462042134681 100462046896586 4.5671390779316425
103756667874518 103756672636423 4.732275269925594
107159339982267 107159344744172 4.607831568457186
110673601809597 110673606571502 4.451669820584357
114303112911448 114303117673353 4.58427754137665
118051652856880 118051657618785 4.561766375787556
121923125164911 121923129926816 4.59928594250232
125921561369415 125921566131320 4.4599425215274096
130051125217341 130051129979246 4.5838208654895425
134316117004602 134316121766507 4.454549167305231
138720978054162 138720982816067 4.664770144037902
143270295340983 143270300102888 4.531056068837643
147968806268640 147968811030545 4.478090785443783
152821403602587 152821408364492 4.55777424108237
157833140565212 157833145327117 4.484159984625876
163009236097974 163009240859879 4.439008270390332
168355080296120 168355085058025 4.511388566344976
173876240021625 173876244783530 4.618945590220392
179578464700210 179578469462115 4.596853422932327
185467692308470 185467697070375 4.462064165621996
191550055557352 191550060319257 4.544107107445598
197831888278416 197831893040321 4.664240403100848
204319732019527 204319736781432 4.614780924282968
211020342856860 211020347618765 4.543063015677035
217940698430296 217940703192201 4.490184468217194
225088005209546 225088009971451 4.571186156012118
232469705998565 232469710760470 4.500136747024953
240093487686065 240093492447970 4.616121483966708
247967289250216 247967294012121 4.4114440474659204
256099310025846 256099314787751 4.530766152776778
264498018242771 264498023004676 4.577493288554251
273172159844137 273172164606042 4.56563045270741
282130767593947 282130772355852 4.2974072098731995
291383170483279 291383175245184 4.421484709717333
300939003444972 300939008206877 4.498020958155394
310808217386906 310808222148811 4.580422837287188
321001089554317 321001094316222 4.572781792841852
331528234231942 331528238993847 4.629033053293824
342400613797143 342400618559048 4.617334575392306
353629550135505 353629554897410 4.647427740506828
365226736430817 365226741192722 4.581363786943257
377204249341699 377204254103604 4.484618774615228
389574561577550 389574566339455 4.473793265409768
402350554886929 402350559648834 4.656013230793178
415545533471888 415545538233793 4.727480216883123
429173237842215 429173242604120 4.491916757076979
443247859124039 443247863885944 4.521648038178682
457784053837662 457784058599567 4.375404053367674
472796959160039 472796963921944 4.505109699442983
488302208687788 488302213449693 4.668220844119787
504315948717135 504315953479040 4.492168866097927
520854855057766 520854859819671 4.660678993910551
537936150398070 537936155159975 4.340755503624678
555577622239888 555577627001793 4.672973689623177
573797641421414 573797646183319 4.560758227482438
592615181247556 592615186009461 4.675152426585555
612049837247669 612049842009574 4.581210948526859
632121847581245 632121852343150 4.610935761593282
652852114112785 652852118874690 4.591884077526629
674262224177835 674262228939740 4.523073082789779
696374473062824 696374477824729 4.510044431313872
719211887222118 719211891984023 4.449912385083735
742798248256491 742798253018396 4.472204826772213
767158117677930 767158122439835 4.660143883898854
792316862486626 792316867248531 4.485071794129908
818300681586741 818300686348646 4.585416276007891
845136633068470 845136637830375 4.410369579680264
872852662384837 872852667146742 4.5523427510634065
901477631452492 901477636214397 4.570496081374586
931041348706908 931041353468813 4.595445083454251
961574600143212 961574604905117 4.379976561293006
993109181374978 993109186136883 4.398076133802533
1025677930744421 1025677935506326 4.448873147368431
1059314763518370 1059314768280275 4.478249024599791
1094054707205744 1094054711967649 4.503280116245151
1129933938033224 1129933942795129 4.5093747628852725
1166989818617145 1166989823379050 4.6700319005176425
1205260936870841 1205260941632746 4.436715314164758
1244787146187906 1244787150949811 4.463790473528206
1285609606943296 1285609611705201 4.317805449478328
1327770829355432 1327770834117337 4.646431650035083
1371314717753943 1371314722515848 4.562805535271764
1416286616299197 1416286621061102 4.446335054002702
1462733356201130 1462733360963035 4.446440160274506
1510703304486656 1510703309248561 4.584431504830718
1560246414366371 1560246419128276 4.459273879416287
1611414277253016 1611414282014921 4.633837371133268
1664260176485902 1664260181247807 4.499681071378291
1718839142817146 1718839147579051 4.508264858275652
1775208011717636 1775208016479541 4.491938417777419
1833425482562292 1833425487324197 4.539307275786996
1893552179756291 1893552184518196 4.549673656001687
1955650715865947 1955650720627852 4.594812270253897
2019785756819878 2019785761581783 4.48685532156378
2086024089248505 2086024094010410 4.5458962032571435
2154434690031887 2154434694793792 4.560607886873186
2225088798128365 2225088802890270 4.706631666980684
2298059988758848 2298059993520753 4.385234536603093
2373424250023866 2373424254785771 4.599968181923032
2451260062033340 2451260066795245 4.524377955123782
2531648478631358 2531648483393263 4.531474047340453
2614673211801086 2614673216562991 4.235769933089614
2700420718837770 2700420723599675 4.383638096041977
2788980292380440 2788980297142345 4.417937624268234
2880444153396298 2880444158158203 4.687822110019624
2974907547214444 2974907551976349 4.4918532725423574
3072468842708997 3072468847470902 4.534533913247287
3173229634734973 3173229639496878 4.365593294613063
3277294849923382 3277294854685287 4.597287408076227
3384772855945983 3384772860707888 4.55277990270406
3495775574363279 3495775579125184 4.585257689468563
3610418597173330 3610418601935235 4.429958042688668
3728821307182830 3728821311944735 4.716273318044841
3851107002325569 3851107007087474 4.637615739367902
3977403024058036 3977403028819941 4.488203347660601
4107840889965651 4107840894727556 4.485611921176314
4242556430717768 4242556435479673 4.418702892027795
4381689931514186 4381689936276091 4.57905316632241
4525386278170167 4525386282932072 4.422470688819885
4673795107992464 4673795112754369 4.484424185939133
4827070965603188 4827070970365093 4.344605828635395
4985373463873883 4985373468635788 4.597206805832684
5148867450137487 5148867454899392 4.586328132078052
5317723177850966 5317723182612871 4.473202396184206
5492116483887789 5492116488649694 4.311849790625274
5672228971644549 5672228976406454 4.508624812588096
5858248200152548 5858248204914453 4.411533761769533
6050367879391212 6050367884153117 4.580003465525806
6248788072006888 6248788076768793 4.571829374879599
6453715401646702 6453715406408607 4.633769075386226
6665363268124920 6665363272886825 4.531965222209692
6883952069645510 6883952074407415 4.653266451321542
7109709432312424 7109709437074329 4.433738758787513
7342870447166758 7342870451928663 4.377527125179768
7583677914997191 7583677919759096 4.457928881980479
7832382599179204 7832382603941109 4.5498829912394285
8089243486805955 8089243491567860 4.580894079990685
8354528058382854 8354528063144759 4.533227117732167
8628512566366887 8628512571128792 4.511591539718211
8911482322840202 8911482327602107 4.525163169950247
9203731996618230 9203732001380135 4.534526722505689
9505565920101210 9505565924863115 4.295225997455418
9817298406188820 9817298410950725 4.472406318411231
10139254075588102 10139254080350007 4.359353582374752
10471768194855202 10471768199617107 4.348853255622089
10815187025522936 10815187030284841 4.58709545340389
11169868184678248 11169868189440153 4.702034658752382
11536181017364762 11536181022126667 4.536744630895555
11914506981197796 11914506985959701 4.440349456854165
12305240043592616 12305240048354521 4.708395591005683
12708787092020544 12708787096782449 4.397624320350587
13125568357718454 13125568362480359 4.472783041186631
13556017853293662 13556017858055567 4.346800570376217
14000583824680904 14000583829442809 4.578818577341735
14459729217920196 14459729222682101 4.546368860639632
14933932161242594 14933932166004499 4.407973136752844
15423686462966306 15423686467728211 4.572217766195536
15929502125721196 15929502130483101 4.594280105084181
16451905877536674 16451905882298579 4.665869288146496
16991441720346260 16991441725108165 4.385650910437107
17548671496481448 17548671501243353 4.583025295287371
18124175473742396 18124175478504301 4.462790567427874
18718552949655756 18718552954417661 4.425688724964857
19332422875550352 19332422880312257 4.567100728861988
19966424501097932 19966424505859837 4.717901834286749
20621218039991528 20621218044753433 4.4519424280151725
21297485357455232 21297485362217137 4.604073725640774
21995930680300704 21995930685062609 4.531960174441338
22717281330269120 22717281335031025 4.536968193016946
23462288481422624 23462288486184529 4.620547965168953
24231727942375908 24231727947137813 4.358845677226782
25026400964179220 25026400968941125 4.4396296022459865
25847135074695584 25847135079457489 4.565269643440843
26694784940343072 26694784945104977 4.704059076495469
27570233256095824 27570233260857729 4.6401379173621535
28474391664672596 28474391669434501 4.447749602608383
29408201705870668 29408201710632573 4.401054141111672
30372635797033052 30372635801794957 4.574050839059055
31368698245668860 31368698250430765 4.482021232135594
32397426295281956 32397426300043861 4.475293660536408
33459891205499612 33459891210261517 4.503847715444863
34557199367621428 34557199372383333 4.6044146148487926
35690493456752224 35690493461514129 4.399610812775791
36860953621721392 36860953626483297 4.585802672430873
38069798714022840 38069798718784745 4.435469466261566
39318287557057864 39318287561819769 4.580563455820084
40607720257003696 40607720261765601 4.275278748944402
41939439556671776 41939439561433681 4.632149458862841
43314832233764120 43314832238526025 4.469161879271269
44735330544984632 44735330549746537 4.641833396628499
46202413717512944 46202413722274849 4.487359242513776
47717609489387504 47717609494149409 4.57676349952817
49282495700405032 49282495705166937 4.50219857878983
50898701935196536 50898701939958441 4.394370700232685
52567911220184192 52567911224946097 4.528419313952327
54291861776189648 54291861780951553 4.41127865575254
56072348828520384 56072348833282289 4.38919460400939
57911226476417464 57911226481179369 4.562558495439589
59810409623809560 59810409628571465 4.459379979409277
61771875973384880 61771875978146785 4.498961917124689
63797668086062560 63797668090824465 4.483800856396556
65889895507999568 65889895512761473 4.338308354839683
68050736967352480 68050736972114385 4.550563899800181
70282442643083096 70282442647845001 4.53859343752265
72587336508172464 72587336512934369 4.419423812068999
74967818749669072 74967818754430977 4.554547311738133
77426368268112784 77426368272874689 4.464411132968962
79965545258923296 79965545263685201 4.542940469458699
82587993878442896 82587993883204801 4.514075336046517
85296444997410160 85296445002172065 4.402130967006087
88093719044739552 88093719049501457 4.52619712986052
90982728944555680 90982728949317585 4.547767987474799
93966483149547488 93966483154309393 4.398658554069698
97048088773802464 97048088778564369 4.511739740148187
100230754828386432 100230754833148337 4.455661457031965
103517795563018048 103517795567779953 4.632289421744645
106912633917347712 106912633922109617 4.681154433637857
110418805085415792 110418805090177697 4.442124332301319
114039960197003536 114039960201765441 4.582832843996584
117779870119711808 117779870124473713 4.41477083787322
121642429385736304 121642429390498209 4.307250055484474
125631660247412144 125631660252174049 4.520426562987268
129751716865759488 129751716870521393 4.568183444440365
134006889636394240 134006889641156145 4.540519435890019
138401609657313008 138401609662074913 4.645823051221669
142940453343176688 142940453347938593 4.590364273637533
147628147190939104 147628147195701009 4.32670144084841
152469572701756992 152469572706518897 4.417787399142981
157469771464308992 157469771469070897 4.603778284974396
162633950404819072 162633950409580977 4.4994923155754805
167967487209264640 167967487214026545 4.43657261133194
173475935923393248 173475935928155153 4.515148697420955
179165032736391040 179165032741152945 4.516478003934026
185040701954229088 185040701958990993 4.468589533120394
191109062168913600 191109062173675505 4.585685255005956
197376432630026336 197376432634788241 4.556848959065974
203849339825246432 203849339830008337 4.426298798061907
210534524276669952 210534524281431857 4.5091167679056525
217438947560008448 217438947564770353 4.499106445349753
224569799553977184 224569799558739089 4.573785363696516
231934505927441792 231934505932203697 4.64544855710119
239540735872087936 239540735876849841 4.4688877975568175
247396410088682688 247396410093444593 4.6523631336167455
255509709035249120 255509709040011025 4.458737524226308
263889081445750752 263889081450512657 4.583198491483927
272543253128103904 272543253132865809 4.360406298190355
281481236050758112 281481236055520017 4.4981350135058165
290712337727256960 290712337732018865 4.399480915628374
300246170908555520 300246170913317425 4.421597671695054
310092663593192320 310092663597954225 4.521369545720518
320262069365763712 320262069370525617 4.6477418933063745
330764978074424256 330764978079186161 4.678528101183474
341612326858554624 341612326863316529 4.588576478883624
352815411538086144 352815411542848049 4.652465732768178
364385898376354048 364385898381115953 4.432775200344622
376335836228654784 376335836233416689 4.545916274189949
388677669089266752 388677669094028657 4.588146873749793
401424249049930944 401424249054692849 4.430450597777963
414588849683291968 414588849688053873 4.529245750978589
428185179865240704 428185179870002609 4.3935890374705195
442227398050587904 442227398055349809 4.587156800553203
456730127016874688 456730127021636593 4.444302022457123
471708469091704128 471708469096466033 4.568154023960233
487178021879460096 487178021884222001 4.467558354139328
503154894503804608 503154894508566513 4.595341243781149
519655724382767872 519655724387529777 4.363250583410263
536697694554047616 536697694558809521 4.703705900348723
554298551568465216 554298551573227121 4.446498302742839
572476623970219008 572476623974980913 4.5943493861705065
591250841383186944 591250841387948849 4.4950659004971385
610640754223201152 610640754227963057 4.569202727638185
630666554056740608 630666554061502513 4.490082001313567
651349094627283584 651349094632045489 4.386429195292294
672709913571235072 672709913575996977 4.503186686895788
694771254846022528 694771254850784433 4.46649406850338
717556091893694976 717556091898456881 4.66278185043484
741088151564156928 741088151568918833 4.657100371085107
765391938823012480 765391938827774385 4.650744033977389
790492762269643648 790492762274405553 4.560710035264492
816416760492145536 816416760496907441 4.685145754367113
843190929286621568 843190929291383473 4.628146726638079
870843149769072384 870843149773834289 4.5275182500481606
899402217409208960 899402217413970865 4.553322763182223
928897872016451712 928897872021213617 4.544028935953975
959360828709312768 959360828714074673 4.5449845511466265
990822809900382848 990822809905144753 4.351740602403879
1023316578330244864 1023316578335006769 4.3764212019741535
1056875971184800768 1056875971189562673 4.451392757706344
1091535935331393280 1091535935336155185 4.470438114367425
1127332563710484864 1127332563715246769 4.712431343272328
1164303132920870912 1164303132925632817 4.495858259499073
1202486142037412352 1202486142042174257 4.488027208484709
1241921352701789696 1241921352706551601 4.520107477903366
1282649830528062464 1282649830532824369 4.548597066663206
1324713987866114816 1324713987870876721 4.4952749367803335
1368157627967475968 1368157627972237873 4.546257019974291
1413025990599533568 1413025990604295473 4.473090650513768
1459365799155751680 1459365799160513585 4.408936678431928
1507225309310758656 1507225309315520561 4.667694008909166
1556654359271058944 1556654359275820849 4.489623497240245
1607704421673815552 1607704421678577457 4.6731350384652615
1660428657187529472 1660428657192291377 4.500536271370947
1714881969870547968 1714881969875309873 4.531343029811978
1771121064345090560 1771121064349852465 4.3889083452522755
1829204504846290176 1829204504851052081 4.536327945999801
1889192776207672064 1889192776212433969 4.43637350294739
1951148346846616320 1951148346851378225 4.577943939715624
2015135733815550208 2015135733820312113 4.6240925919264555
2081221569986341376 2081221569991103281 4.703153082169592
2149474673437976064 2149474673442737969 4.639916596934199
2219966119119943424 2219966119124705329 4.688307919539511
2292769312865648640 2292769312870410545 4.58320408128202
2367960067833088512 2367960067837850417 4.55458801984787
2445616683452448768 2445616683457210673 4.449556298553944
2525820026962779648 2525820026967541553 4.524052090011537
2608653617622556160 2608653617627318065 4.484553011134267
2694203713681882112 2694203713686644017 4.42636438831687
2782559402207114240 2782559402211876145 4.481323768384755
2873812691851069440 2873812691855831345 4.560204549692571
2968058608665596416 2968058608670358321 4.306851297616959
3065395295056510976 3065395295061272881 4.467478938400745
3165924111983520768 3165924111988282673 4.5991435283795
3269749744511781376 3269749744516543281 4.388792343437672
3376980310825094656 3376980310829856561 4.549503496848047
3487727474814170624 3487727474818932529 4.531194305978715
3602106562357081088 3602106562361842993 4.529531261883676
3720236681413065728 3720236681417827633 4.44019852951169
3842240846055045120 3842240846059807025 4.389957629144192
3968246104569485824 3968246104574247729 4.459959470666945
4098383671757253120 4098383671762015025 4.423365012742579
4232789065573527040 4232789065578288945 4.6220274632796645
4371602248248502272 4371602248253264177 4.3995615895837545
4514967772036120576 4514967772040882481 4.423075385391712
4663034929742736384 4663034929747498289 4.377321004867554
4815957910192340992 4815957910197102897 4.4118844754993916
4973895958790077440 4973895958794839345 4.366071450524032
5137013543351339008 5137013543356100913 4.45090059004724
5305480525369552896 5305480525374314801 4.5153711419552565
5479472336900292608 5479472336905054513 4.533537590876222
5659170163246230528 5659170163250992433 4.519401202909648
5844761131633601536 5844761131638363441 4.280056098476052
6036438506075864064 6036438506080625969 4.6533021396026015
6234401888627889152 6234401888632651057 4.451830077916384
6438857427240425472 6438857427245187377 4.581028911285102
6650018030431105024 6650018030435866929 4.453175893053412
6868103588995321856 6868103589000083761 4.602303641848266
7093341204987990016 7093341204992751921 4.456181065179408
7325965428215199744 7325965428219961649 4.499547285027802
7566218500481062912 7566218500485824817 4.469950435683131
7814350607844589568 7814350607849351473 4.471627288497984
8070620141149457408 8070620141154219313 4.218412380665541
8335293965098186752 8335293965102948657 4.542554726824164
8608647696149279744 8608647696154041649 4.523796739056706
8890965989529166848 8890965989533928753 4.456712667830288
9182542835656262656 9182542835661024561 4.622382523491979
9483681866285946880 9483681866290708785 4.463513599708676
9794696670695385088 9794696670700146993 4.570188579149544
10115911122238255104 10115911122243017009 4.549572253599763
10447659715608051712 10447659715612813617 4.408959444612265
10790287915161903104 10790287915166665009 4.656152056530118
11144152514667812864 11144152514672574769 4.737364385277033
11509622008850311168 11509622008855073073 4.5071518290787935
11887076977119080448 11887076977123842353 4.624906787648797
12276910479883603968 12276910479888365873 4.351852333173156
12679528467864313856 12679528467869075761 4.749497036449611
13095350204826703872 13095350204831465777 4.372252780944109
13524808704178739200 13524808704183501105 4.690710430033505
13968351179887339520 13968351179892101425 4.603141116909683
14426439512181587968 14426439512186349873 4.266304649412632
14899550728528627712 14899550728533389617 4.548873805440962
15388177500383369216 15388177500388131121 4.446589793078601
15892828656229763072 15892828656234524977 4.549594484269619
16414029711444731904 16414029711449493809 4.511671124957502
16952323415541213184 16952323415545975089 4.318882795982063
17508270317357197312 17508270317361959217 4.609903393313289
18082449348779554816 18082449348784316721 4.543802480213344
18675458427610738688 18675458427615500593 4.467402705922723
19287915080207699968 19287915080212461873 4.647676233202219
19920457084538712064 19920457084543473969 4.904209224507213
20573743134329241600 20573743134334003505 4.852056077681482
21248453524988698624 21248453524993460529 5.246767207048833
21945290862033113088 21945290862037874993 5.023623353801668
22664980792737021952 22664980792741783857 5.262007158249617
23408272761782943744 23408272761787705649 5.520167083479464
24175940791691235328 24175940791695997233 5.630545759573579
24968784288843317248 24968784288848079153 5.577302009798586
25787628875937984512 25787628875942746417 5.846203240565956
26633327251749699584 26633327251754461489 5.846322677098215
27506760079080673280 27506760079085435185 6.11138294544071
28408836901833187328 28408836901837949233 5.9585371082648635
29340497092157689856 29340497092162451761 6.199059344828129
30302710828663930880 30302710828668692785 6.162608546204865
31296480106707632128 31296480106712394033 6.3739603301510215
32322839781813805056 32322839781818566961 6.26447650231421
33382858647317508096 33382858647322270001 6.555242478847504
34477640547344711680 34477640547349473585 6.562838806770742
35608325526292742144 35608325526297504049 6.6849048007279634
36776091016010158080 36776091016014919985 6.834907932206988
37982153061907365888 37982153061912127793 4.618157816119492
39227767589277392896 39227767589282154801 4.532970373518765
40514231711146221568 40514231711150983473 4.990174897946417
41842885079015759872 41842885079020521777 4.888851621188223
43215111277897793536 43215111277902555441 5.256634207442403
44632339267103973376 44632339267108735281 5.344768658280373
46096044868284194816 46096044868288956721 5.4164176266640425
47607752302263779328 47607752302268541233 5.599885010160506
49169035776280215552 49169035776284977457 5.560096961446106
50781521123276496896 50781521123281258801 5.619211223907769
52446887494951190528 52446887494955952433 5.923855482600629
54166869110331793408 54166869110336555313 6.136978765018284
55943257061693431808 55943257061698193713 4.48841402027756
57777901179704950784 57777901179709712689 4.425465603359044
59672711959733346304 59672711959738108209 4.64002198074013
61629662551329423360 61629662551334185265 5.0576330199837685
63650790812955516928 63650790812960278833 4.900077898055315
65738201434095984640 65738201434100746545 4.949331847019494
67894068126960984064 67894068126965745969 5.442744239233434
70120635890071478272 70120635890076240177 5.5248597003519535
72420223346073149440 72420223346077911345 5.585128938779235
74795225156218585088 74795225156223346993 4.58180638961494
77248114514034163712 77248114514038925617 4.634750034660101
79781445720766119936 79781445720770881841 4.72647363319993
82397856845285441536 82397856845290203441 5.298416901379824
85100072471222468608 85100072471227230513 4.845157758332789
87890906534199279616 87890906534204041521 5.309676085598767
90773265252102422528 90773265252107184433 5.539488456211984
93750150151452704768 93750150151457466673 4.380866544321179
96824661193030746112 96824661193035508017 4.661898028105497
100000000000000000000 100000000000004761905 4.868616151623428
