10968839 11454415 1.968979995988775
12717966 13173032 1.9921220780233853
14746016 15172455 1.968914367025718
17097465 17497045 2.0782430640538223
19823884 20385459 2.9185662230011076
22985067 23511189 2.9378287860308774
26650344 27307504 4.016137667000294
30900097 31669572 4.7581985460128635
35827530 36692413 5.79772343498189
41540708 42485757 6.707810996042099
48164929 49302865 8.610670972033404
55845470 57147907 10.671000101021491
64750776 66302988 13.75847653998062
75076153 76840977 16.444798742013518
87048048 89089185 19.309350914962124
100929022 103294933 24.73663184500765
117023503 119664275 29.749540151969995
135684463 138794391 37.80237930000294
157321163 160903913 45.842521322018
182408124 186529954 55.3608942120336
211495536 215418603 55.66523101704661
245221324 248892764 56.070181148010306
284325140 287760890 53.87498815602157
329664581 332879586 54.64724127500085
382234002 385242273 55.38343980599893
443186319 446000992 54.49860824999632
513858297 516491685 56.46076440898469
595799867 598263513 53.474270808976144
690808114 693112835 54.118133675016
800966695 803122629 53.88383843097836
928691533 930708181 54.606151053041685
1076783802 1078670065 58.431231913971715
1248491363 1250255582 58.4416664870223
1447579987 1449229976 59.576188088045456
1678415952 1679959031 59.255320314958226
1946061794 1947504821 58.91843343299115
2256387341 2257736738 59.2601128880051
2616198442 2617460225 59.02865848696092
3033386229 3034566031 59.56191275099991
3517100181 3518203278 58.710775970015675
4077948784 4078980117 58.803576892998535
4728232188 4729196382 59.25104376999661
5482211967 5483113353 58.72417976800352
6356423892 6357266525 58.976351508987136
7370040587 7370828262 58.07184407301247
8545292002 8546028273 59.28697784402175
9907952954 9908641147 58.00789669598453
11487908396 11488551623 60.86331240402069
13319808837 13320410012 57.67355560301803
15443830272 15444392122 57.27745739900274
17906555297 17907080373 56.94007650797721
20761994722 20762485411 61.36183008097578
24072772105 24073230642 57.554373265011236
27911497164 27911925639 57.688898287015036
32362358209 32362758578 56.92789409402758
37522968498 37523342591 56.11809300200548
43506507031 43506856559 56.61897728196345
50444200706 50444527270 56.33786075602984
58488202306 58488507404 57.54210471600527
67814927408 67815212441 59.93224531796295
78628923407 78629189685 61.129907295980956
91167355514 91167604263 56.68811960204039
105705208100 105705440465 56.619698052003514
122561315467 122561532520 57.25386638002237
142105354306 142105557050 57.308567485015374
164765951193 164766140564 57.46411035803612
191040082937 191040259812 58.86259686201811
221503975940 221504141138 55.87914706295123
256825743597 256825897884 56.335945460014045
297780038910 297780183002 57.65872191102244
345265043650 345265178216 58.15115719794994
400322166666 400322292333 56.24504780600546
464158883361 464159000713 55.558187191025354
538175217219 538175326803 58.01825480500702
623994444169 623994546496 56.82758974301396
723498693168 723498788716 59.06369747500867
838870223778 838870312993 58.33924767898861
972639285994 972639369294 58.8638634349918
1127739611974 1127739689749 55.2043372420012
1307572756652 1307572829266 55.66668960597599
1516082698332 1516082766125 55.608241000038106
1757842335342 1757842398633 55.475365775986575
2038153775727 2038153834814 56.10085149103543
2363164619483 2363164674643 54.93134732003091
2740002783542 2740002835034 56.65439375501592
3176932826397 3176932874465 57.72724488796666
3683537200788 3683537245657 55.23638855695026
4270926409539 4270926451422 55.90601407899521
4951982673555 4951982712649 58.53493517503375
5741642455936 5741642492426 55.41461407497991
6657224038334 6657224072393 53.487777010013815
7718807333738 7718807365527 56.29997109301621
8949674265472 8949674295141 56.43046876799781
10376819370522 10376819398212 57.626380677043926
12031541825367 12031541851209 54.057553765014745
13950131878250 13950131902368 56.41841620299965
16174666742233 16174666764740 54.65118735097349
18753933404043 18753933425047 57.01585489901481
21744498587098 21744498606699 57.640041605976876
25211949334447 25211949352738 52.56845207698643
29232331419215 29232331436283 53.68150076497113
33893817128820 33893817144746 52.810144196031615
39298638999652 39298639014513 57.35903237602906
45565331911576 45565331925442 50.52712820796296
52831332714360 52831332727298 53.6090843330021
61255994399247 61255994411319 57.023048118979204
71024080920463 71024080931726 53.84744079801021
82349819312680 82349819323189 51.86640769301448
95481597972740 95481597982544 58.600846328015905
110707414145160 110707414154307 50.91807966004126
128361190081958 128361190090492 52.126564374018926
148830096398532 148830096406493 56.42197823600145
172563043236462 172563043243889 54.30284401704557
200080525455620 200080525462549 61.56628713500686
231986037773692 231986037780155 53.58167963498272
268979310202151 268979310208180 49.70816129306331
311871654049303 311871654054927 54.48809690005146
361603755048480 361603755053726 62.64845169999171
419266303838214 419266303843108 55.821194543968886
486123916248021 486123916252586 60.228644159040414
563642867993282 563642867997540 49.07783330604434
653523252037665 653523252041637 57.04828535299748
757736263876533 757736263880237 54.93851496500429
878567432456832 878567432460287 53.02367717900779
1018666744844559 1018666744847781 52.66515869600698
1181106763940058 1181106763943063 50.310563041013665
1369450013839236 1369450013842039 57.30563064001035
1587827110690790 1587827110693404 58.94329846394248
1841027352562152 1841027352564590 56.16418477508705
2134603755069692 2134603755071966 56.633985477034
2474994836343034 2474994836345154 52.25241052801721
2869665822228780 2869665822230757 38.95761872292496
3327272368549947 3327272368551791 51.17516105307732
3857850391066661 3857850391068381 52.82592291699257
4473036166359711 4473036166361315 42.723137790104374
5186321530739779 5186321530741274 53.36624929506797
6013349774031772 6013349774033166 41.68761480494868
6972258717575092 6972258717576392 53.1481619910337
8084078500594004 8084078500595216 44.237434198963456
9373192798917690 9373192798918821 51.84476259793155
10867873591186334 10867873591187388 52.49486430303659
12600901200671282 12600901200672265 55.66989242203999
14610283211045796 14610283211046712 65.08649600401986
16940088022878618 16940088022879472 60.07371072191745
19641411331843356 19641411331844153 40.634896684088744
22773496724789056 22773496724789799 45.6489218469942
26405034969821796 26405034969822489 35.63347545906436
30615670495544868 30615670495545514 40.72715358401183
35497748098536024 35497748098536626 48.30226995993871
41158338186664704 41158338186665265 37.988717730971985
47721584974504656 47721584974505179 51.567010341910645
55331429129875512 55331429129876000 56.200023352052085
64154764582737240 64154764582737695 60.86207518004812
74385098729433376 74385098729433800 40.77641551999841
86246796305389440 86246796305389835 71.4419964980334
100000000000000000 100000000000000368 57.11038239102345
